2.65824384
0 Co48 64.0 4.639 8900.0 175.0 69.0 0.32 37.2 -153.0 -239.0 135.0 1.14 758.4 66.0 9.0 41.0 1768.0 27.0 4.3 125.0 127.0 30.06122 1.7 -302.0 58.933 28.0 3232.0 77.0 211.0 0.30539 424.7 181.5 62.0 4.39 920.0 10.072 313.0 9.0 2550.0 1.75 116.0 3.55 76.0 5.0 445.0 3.5 390.0 1.108 13.1 2.02 -106.0 15.4 60.0 43.0 6.24 63.8 23.614 42.5 4.73 100.0 5.58 2750.0 1.37 63.0 61.0 44.0 82.0 42.0 3.9 1.914 1646.0 8.97 5.1 0.71 1.9 2.0 16.3 4720.0 12.0 24.81 3203.0 4.0 1.72 0.0 1.252 76.8
1 Ni0 67.0 0.746 8902.0 237.0 72.0 0.312 37.2 -135.0 -241.0 130.0 2.9 736.7 69.0 10.0 38.0 1726.0 28.0 4.4 144.0 121.0 29.89375 1.75 -241.0 58.6934 27.0 3393.0 76.0 199.5 0.30409 429.7 177.3 65.0 4.44 505.0 3.8048 45.7 10.0 2450.0 1.75 115.0 3.52 77.0 5.1 450.0 1.5 379.0 1.093 13.5 2.18 -108.0 13.3 63.0 40.0 6.84 156.0 8.936 46.6 7.02 90.7 5.71 981.0 1.41 66.0 64.0 41.0 76.0 39.0 4.05 1.86 1753.0 9.14 5.2 1.13 1.9 2.0 17.2 4970.0 12.0 26.07 3263.0 4.0 1.76 0.0 1.246 88.6
2 18 53.0 6.144 8570.0 755.0 58.0 0.387 1.15 -354.0 -409.0 185.0 1.75 663.8 53.0 5.0 54.0 2741.0 41.0 4.0 441.0 186.0 36.55076 1.23 -951.0 92.906 50.0 2416.0 63.0 104.9 0.19256 725.9 170.3 49.0 7.57 450.0 10.4048 153.0 5.0 2700.0 1.64 134.0 4.89 54.0 4.3 275.0 4.5 697.0 1.807 7.3 2.76 -177.0 6.25 49.0 54.0 12.5 86.2 24.442 17.1 7.79 53.7 6.7 2450.0 1.92 50.0 50.0 55.0 37.5 55.0 3.3 1.702 1382.0 5.56 4.05 0.95 1.6 3.0 30.421 3480.0 14.0 24.6 5017.0 5.0 2.03 0.0 1.468 284.0
3 19 53.0 6.144 8570.0 755.0 58.0 0.387 1.15 -354.0 -409.0 185.0 1.75 663.8 53.0 5.0 54.0 2741.0 41.0 4.0 441.0 186.0 36.55076 1.23 -951.0 92.906 50.0 2416.0 63.0 104.9 0.19256 725.9 170.3 49.0 7.57 450.0 10.4048 153.0 5.0 2700.0 1.64 134.0 4.89 54.0 4.3 275.0 4.5 697.0 1.807 7.3 2.76 -177.0 6.25 49.0 54.0 12.5 86.2 24.442 17.1 7.79 53.7 6.7 2450.0 1.92 50.0 50.0 55.0 37.5 55.0 3.3 1.702 1382.0 5.56 4.05 0.95 1.6 3.0 30.421 3480.0 14.0 24.6 5017.0 5.0 2.03 0.0 1.468 284.0
4 20 53.0 6.144 8570.0 755.0 58.0 0.387 1.15 -354.0 -409.0 185.0 1.75 663.8 53.0 5.0 54.0 2741.0 41.0 4.0 441.0 186.0 36.55076 1.23 -951.0 92.906 50.0 2416.0 63.0 104.9 0.19256 725.9 170.3 49.0 7.57 450.0 10.4048 153.0 5.0 2700.0 1.64 134.0 4.89 54.0 4.3 275.0 4.5 697.0 1.807 7.3 2.76 -177.0 6.25 49.0 54.0 12.5 86.2 24.442 17.1 7.79 53.7 6.7 2450.0 1.92 50.0 50.0 55.0 37.5 55.0 3.3 1.702 1382.0 5.56 4.05 0.95 1.6 3.0 30.421 3480.0 14.0 24.6 5017.0 5.0 2.03 0.0 1.468 284.0
5 21 53.0 6.144 8570.0 755.0 58.0 0.387 1.15 -354.0 -409.0 185.0 1.75 663.8 53.0 5.0 54.0 2741.0 41.0 4.0 441.0 186.0 36.55076 1.23 -951.0 92.906 50.0 2416.0 63.0 104.9 0.19256 725.9 170.3 49.0 7.57 450.0 10.4048 153.0 5.0 2700.0 1.64 134.0 4.89 54.0 4.3 275.0 4.5 697.0 1.807 7.3 2.76 -177.0 6.25 49.0 54.0 12.5 86.2 24.442 17.1 7.79 53.7 6.7 2450.0 1.92 50.0 50.0 55.0 37.5 55.0 3.3 1.702 1382.0 5.56 4.05 0.95 1.6 3.0 30.421 3480.0 14.0 24.6 5017.0 5.0 2.03 0.0 1.468 284.0
6 22 53.0 6.144 8570.0 755.0 58.0 0.387 1.15 -354.0 -409.0 185.0 1.75 663.8 53.0 5.0 54.0 2741.0 41.0 4.0 441.0 186.0 36.55076 1.23 -951.0 92.906 50.0 2416.0 63.0 104.9 0.19256 725.9 170.3 49.0 7.57 450.0 10.4048 153.0 5.0 2700.0 1.64 134.0 4.89 54.0 4.3 275.0 4.5 697.0 1.807 7.3 2.76 -177.0 6.25 49.0 54.0 12.5 86.2 24.442 17.1 7.79 53.7 6.7 2450.0 1.92 50.0 50.0 55.0 37.5 55.0 3.3 1.702 1382.0 5.56 4.05 0.95 1.6 3.0 30.421 3480.0 14.0 24.6 5017.0 5.0 2.03 0.0 1.468 284.0
7 23 53.0 6.144 8570.0 755.0 58.0 0.387 1.15 -354.0 -409.0 185.0 1.75 663.8 53.0 5.0 54.0 2741.0 41.0 4.0 441.0 186.0 36.55076 1.23 -951.0 92.906 50.0 2416.0 63.0 104.9 0.19256 725.9 170.3 49.0 7.57 450.0 10.4048 153.0 5.0 2700.0 1.64 134.0 4.89 54.0 4.3 275.0 4.5 697.0 1.807 7.3 2.76 -177.0 6.25 49.0 54.0 12.5 86.2 24.442 17.1 7.79 53.7 6.7 2450.0 1.92 50.0 50.0 55.0 37.5 55.0 3.3 1.702 1382.0 5.56 4.05 0.95 1.6 3.0 30.421 3480.0 14.0 24.6 5017.0 5.0 2.03 0.0 1.468 284.0
8 24 53.0 6.144 8570.0 755.0 58.0 0.387 1.15 -354.0 -409.0 185.0 1.75 663.8 53.0 5.0 54.0 2741.0 41.0 4.0 441.0 186.0 36.55076 1.23 -951.0 92.906 50.0 2416.0 63.0 104.9 0.19256 725.9 170.3 49.0 7.57 450.0 10.4048 153.0 5.0 2700.0 1.64 134.0 4.89 54.0 4.3 275.0 4.5 697.0 1.807 7.3 2.76 -177.0 6.25 49.0 54.0 12.5 86.2 24.442 17.1 7.79 53.7 6.7 2450.0 1.92 50.0 50.0 55.0 37.5 55.0 3.3 1.702 1382.0 5.56 4.05 0.95 1.6 3.0 30.421 3480.0 14.0 24.6 5017.0 5.0 2.03 0.0 1.468 284.0
9 25 53.0 6.144 8570.0 755.0 58.0 0.387 1.15 -354.0 -409.0 185.0 1.75 663.8 53.0 5.0 54.0 2741.0 41.0 4.0 441.0 186.0 36.55076 1.23 -951.0 92.906 50.0 2416.0 63.0 104.9 0.19256 725.9 170.3 49.0 7.57 450.0 10.4048 153.0 5.0 2700.0 1.64 134.0 4.89 54.0 4.3 275.0 4.5 697.0 1.807 7.3 2.76 -177.0 6.25 49.0 54.0 12.5 86.2 24.442 17.1 7.79 53.7 6.7 2450.0 1.92 50.0 50.0 55.0 37.5 55.0 3.3 1.702 1382.0 5.56 4.05 0.95 1.6 3.0 30.421 3480.0 14.0 24.6 5017.0 5.0 2.03 0.0 1.468 284.0
10 30 53.0 6.144 8570.0 755.0 58.0 0.387 1.15 -354.0 -409.0 185.0 1.75 663.8 53.0 5.0 54.0 2741.0 41.0 4.0 441.0 186.0 36.55076 1.23 -951.0 92.906 50.0 2416.0 63.0 104.9 0.19256 725.9 170.3 49.0 7.57 450.0 10.4048 153.0 5.0 2700.0 1.64 134.0 4.89 54.0 4.3 275.0 4.5 697.0 1.807 7.3 2.76 -177.0 6.25 49.0 54.0 12.5 86.2 24.442 17.1 7.79 53.7 6.7 2450.0 1.92 50.0 50.0 55.0 37.5 55.0 3.3 1.702 1382.0 5.56 4.05 0.95 1.6 3.0 30.421 3480.0 14.0 24.6 5017.0 5.0 2.03 0.0 1.468 284.0