3.44634973
0 Zr21 49.0 1.298 6506.0 0.00168 55.0 0.38 0.184 -628.0 -549.0 170.0 1.96 660.0 50.0 4.0 57.0 2127.0 40.0 3.64 419.0 163.0 39.149 1.22 -1098.0 91.224 51.0 2218.0 64.0 98.0 0.23632 608.8 89.8 46.0 6.25 134.0 3.9578 145.0 4.0 2000.0 1.41 145.0 5.81 53.0 4.0 291.0 2.5 600.0 2.328 5.7 2.825 -340.0 2.0 46.0 57.0 40.0 41.1 9.33 13.9 2.8 22.7 6.45 981.0 1.88 47.0 47.0 58.0 35.0 58.0 3.0 0.833 1267.0 4.29 3.45 0.98 1.4 4.0 19.2 3800.0 12.0 26.019 4682.0 5.0 1.7 0.0 1.602 265.0
1 0 53.0 6.144 8570.0 755.0 58.0 0.387 1.15 -354.0 -409.0 185.0 1.75 663.8 53.0 5.0 54.0 2741.0 41.0 4.0 441.0 186.0 36.55076 1.23 -951.0 92.906 50.0 2416.0 63.0 104.9 0.19256 725.9 170.3 49.0 7.57 450.0 10.4048 153.0 5.0 2700.0 1.64 134.0 4.89 54.0 4.3 275.0 4.5 697.0 1.807 7.3 2.76 -177.0 6.25 49.0 54.0 12.5 86.2 24.442 17.1 7.79 53.7 6.7 2450.0 1.92 50.0 50.0 55.0 37.5 55.0 3.3 1.702 1382.0 5.56 4.05 0.95 1.6 3.0 30.421 3480.0 14.0 24.6 5017.0 5.0 2.03 0.0 1.468 284.0
2 13 53.0 6.144 8570.0 755.0 58.0 0.387 1.15 -354.0 -409.0 185.0 1.75 663.8 53.0 5.0 54.0 2741.0 41.0 4.0 441.0 186.0 36.55076 1.23 -951.0 92.906 50.0 2416.0 63.0 104.9 0.19256 725.9 170.3 49.0 7.57 450.0 10.4048 153.0 5.0 2700.0 1.64 134.0 4.89 54.0 4.3 275.0 4.5 697.0 1.807 7.3 2.76 -177.0 6.25 49.0 54.0 12.5 86.2 24.442 17.1 7.79 53.7 6.7 2450.0 1.92 50.0 50.0 55.0 37.5 55.0 3.3 1.702 1382.0 5.56 4.05 0.95 1.6 3.0 30.421 3480.0 14.0 24.6 5017.0 5.0 2.03 0.0 1.468 284.0
3 17 53.0 6.144 8570.0 755.0 58.0 0.387 1.15 -354.0 -409.0 185.0 1.75 663.8 53.0 5.0 54.0 2741.0 41.0 4.0 441.0 186.0 36.55076 1.23 -951.0 92.906 50.0 2416.0 63.0 104.9 0.19256 725.9 170.3 49.0 7.57 450.0 10.4048 153.0 5.0 2700.0 1.64 134.0 4.89 54.0 4.3 275.0 4.5 697.0 1.807 7.3 2.76 -177.0 6.25 49.0 54.0 12.5 86.2 24.442 17.1 7.79 53.7 6.7 2450.0 1.92 50.0 50.0 55.0 37.5 55.0 3.3 1.702 1382.0 5.56 4.05 0.95 1.6 3.0 30.421 3480.0 14.0 24.6 5017.0 5.0 2.03 0.0 1.468 284.0
4 18 53.0 6.144 8570.0 755.0 58.0 0.387 1.15 -354.0 -409.0 185.0 1.75 663.8 53.0 5.0 54.0 2741.0 41.0 4.0 441.0 186.0 36.55076 1.23 -951.0 92.906 50.0 2416.0 63.0 104.9 0.19256 725.9 170.3 49.0 7.57 450.0 10.4048 153.0 5.0 2700.0 1.64 134.0 4.89 54.0 4.3 275.0 4.5 697.0 1.807 7.3 2.76 -177.0 6.25 49.0 54.0 12.5 86.2 24.442 17.1 7.79 53.7 6.7 2450.0 1.92 50.0 50.0 55.0 37.5 55.0 3.3 1.702 1382.0 5.56 4.05 0.95 1.6 3.0 30.421 3480.0 14.0 24.6 5017.0 5.0 2.03 0.0 1.468 284.0
5 20 53.0 6.144 8570.0 755.0 58.0 0.387 1.15 -354.0 -409.0 185.0 1.75 663.8 53.0 5.0 54.0 2741.0 41.0 4.0 441.0 186.0 36.55076 1.23 -951.0 92.906 50.0 2416.0 63.0 104.9 0.19256 725.9 170.3 49.0 7.57 450.0 10.4048 153.0 5.0 2700.0 1.64 134.0 4.89 54.0 4.3 275.0 4.5 697.0 1.807 7.3 2.76 -177.0 6.25 49.0 54.0 12.5 86.2 24.442 17.1 7.79 53.7 6.7 2450.0 1.92 50.0 50.0 55.0 37.5 55.0 3.3 1.702 1382.0 5.56 4.05 0.95 1.6 3.0 30.421 3480.0 14.0 24.6 5017.0 5.0 2.03 0.0 1.468 284.0
6 24 53.0 6.144 8570.0 755.0 58.0 0.387 1.15 -354.0 -409.0 185.0 1.75 663.8 53.0 5.0 54.0 2741.0 41.0 4.0 441.0 186.0 36.55076 1.23 -951.0 92.906 50.0 2416.0 63.0 104.9 0.19256 725.9 170.3 49.0 7.57 450.0 10.4048 153.0 5.0 2700.0 1.64 134.0 4.89 54.0 4.3 275.0 4.5 697.0 1.807 7.3 2.76 -177.0 6.25 49.0 54.0 12.5 86.2 24.442 17.1 7.79 53.7 6.7 2450.0 1.92 50.0 50.0 55.0 37.5 55.0 3.3 1.702 1382.0 5.56 4.05 0.95 1.6 3.0 30.421 3480.0 14.0 24.6 5017.0 5.0 2.03 0.0 1.468 284.0
7 25 53.0 6.144 8570.0 755.0 58.0 0.387 1.15 -354.0 -409.0 185.0 1.75 663.8 53.0 5.0 54.0 2741.0 41.0 4.0 441.0 186.0 36.55076 1.23 -951.0 92.906 50.0 2416.0 63.0 104.9 0.19256 725.9 170.3 49.0 7.57 450.0 10.4048 153.0 5.0 2700.0 1.64 134.0 4.89 54.0 4.3 275.0 4.5 697.0 1.807 7.3 2.76 -177.0 6.25 49.0 54.0 12.5 86.2 24.442 17.1 7.79 53.7 6.7 2450.0 1.92 50.0 50.0 55.0 37.5 55.0 3.3 1.702 1382.0 5.56 4.05 0.95 1.6 3.0 30.421 3480.0 14.0 24.6 5017.0 5.0 2.03 0.0 1.468 284.0
8 42 85.0 0.555 2329.0 477.0 90.0 0.42 171.0 -213.0 -455.0 60.0 1.91 786.5 84.0 4.0 23.0 1683.0 14.0 4.77 189.0 74.0 18.9662 1.74 -911.0 28.086 15.0 3232.0 90.0 131.0 0.07269 455.6 0.0 80.0 4.63 157.0 8.458 60.6 4.0 1250.0 1.5 117.0 4.2 89.0 4.8 645.0 0.5 383.3 2.002 4.2 1.42 -160.0 0.0 78.0 25.0 100000.0 133.6 19.865 6.44 0.0 148.0 4.29 0.0 0.316 81.0 79.0 26.0 79.97 24.0 4.15 0.988 1577.0 5.0 4.7 1.18 1.8 4.0 50.6 2200.0 4.0 20.0 3538.0 3.0 1.98 0.0 1.319 117.0
9 43 85.0 0.555 2329.0 477.0 90.0 0.42 171.0 -213.0 -455.0 60.0 1.91 786.5 84.0 4.0 23.0 1683.0 14.0 4.77 189.0 74.0 18.9662 1.74 -911.0 28.086 15.0 3232.0 90.0 131.0 0.07269 455.6 0.0 80.0 4.63 157.0 8.458 60.6 4.0 1250.0 1.5 117.0 4.2 89.0 4.8 645.0 0.5 383.3 2.002 4.2 1.42 -160.0 0.0 78.0 25.0 100000.0 133.6 19.865 6.44 0.0 148.0 4.29 0.0 0.316 81.0 79.0 26.0 79.97 24.0 4.15 0.988 1577.0 5.0 4.7 1.18 1.8 4.0 50.6 2200.0 4.0 20.0 3538.0 3.0 1.98 0.0 1.319 117.0
10 47 85.0 0.555 2329.0 477.0 90.0 0.42 171.0 -213.0 -455.0 60.0 1.91 786.5 84.0 4.0 23.0 1683.0 14.0 4.77 189.0 74.0 18.9662 1.74 -911.0 28.086 15.0 3232.0 90.0 131.0 0.07269 455.6 0.0 80.0 4.63 157.0 8.458 60.6 4.0 1250.0 1.5 117.0 4.2 89.0 4.8 645.0 0.5 383.3 2.002 4.2 1.42 -160.0 0.0 78.0 25.0 100000.0 133.6 19.865 6.44 0.0 148.0 4.29 0.0 0.316 81.0 79.0 26.0 79.97 24.0 4.15 0.988 1577.0 5.0 4.7 1.18 1.8 4.0 50.6 2200.0 4.0 20.0 3538.0 3.0 1.98 0.0 1.319 117.0
11 Hf48 50.0 0.61 13310.0 0.00112 54.0 0.26 104.0 0.0 -557.0 180.0 1.88 675.4 49.0 4.0 58.0 2502.0 72.0 3.8 430.0 171.0 45.6779 1.23 -1113.0 178.49 69.0 2248.0 32.0 141.0 0.46269 619.2 109.0 45.0 6.44 151.0 1.3 159.0 4.0 2150.0 1.45 144.0 5.65 35.0 3.9 252.0 3.5 661.0 2.241 5.9 2.91 0.0 2.5 47.0 56.0 35.1 0.0 3.12 91.7 2.16 23.0 9.16 1800.0 2.97 46.0 48.0 57.0 56.0 59.0 3.15 1.09 1438.0 4.52 3.6 0.97 1.3 4.0 25.941 2780.0 12.0 25.73 5673.0 6.0 1.73 0.0 1.58 286.0
12 18 53.0 6.144 8570.0 755.0 58.0 0.387 1.15 -354.0 -409.0 185.0 1.75 663.8 53.0 5.0 54.0 2741.0 41.0 4.0 441.0 186.0 36.55076 1.23 -951.0 92.906 50.0 2416.0 63.0 104.9 0.19256 725.9 170.3 49.0 7.57 450.0 10.4048 153.0 5.0 2700.0 1.64 134.0 4.89 54.0 4.3 275.0 4.5 697.0 1.807 7.3 2.76 -177.0 6.25 49.0 54.0 12.5 86.2 24.442 17.1 7.79 53.7 6.7 2450.0 1.92 50.0 50.0 55.0 37.5 55.0 3.3 1.702 1382.0 5.56 4.05 0.95 1.6 3.0 30.421 3480.0 14.0 24.6 5017.0 5.0 2.03 0.0 1.468 284.0
13 22 53.0 6.144 8570.0 755.0 58.0 0.387 1.15 -354.0 -409.0 185.0 1.75 663.8 53.0 5.0 54.0 2741.0 41.0 4.0 441.0 186.0 36.55076 1.23 -951.0 92.906 50.0 2416.0 63.0 104.9 0.19256 725.9 170.3 49.0 7.57 450.0 10.4048 153.0 5.0 2700.0 1.64 134.0 4.89 54.0 4.3 275.0 4.5 697.0 1.807 7.3 2.76 -177.0 6.25 49.0 54.0 12.5 86.2 24.442 17.1 7.79 53.7 6.7 2450.0 1.92 50.0 50.0 55.0 37.5 55.0 3.3 1.702 1382.0 5.56 4.05 0.95 1.6 3.0 30.421 3480.0 14.0 24.6 5017.0 5.0 2.03 0.0 1.468 284.0
14 19 53.0 6.144 8570.0 755.0 58.0 0.387 1.15 -354.0 -409.0 185.0 1.75 663.8 53.0 5.0 54.0 2741.0 41.0 4.0 441.0 186.0 36.55076 1.23 -951.0 92.906 50.0 2416.0 63.0 104.9 0.19256 725.9 170.3 49.0 7.57 450.0 10.4048 153.0 5.0 2700.0 1.64 134.0 4.89 54.0 4.3 275.0 4.5 697.0 1.807 7.3 2.76 -177.0 6.25 49.0 54.0 12.5 86.2 24.442 17.1 7.79 53.7 6.7 2450.0 1.92 50.0 50.0 55.0 37.5 55.0 3.3 1.702 1382.0 5.56 4.05 0.95 1.6 3.0 30.421 3480.0 14.0 24.6 5017.0 5.0 2.03 0.0 1.468 284.0
15 40 85.0 0.555 2329.0 477.0 90.0 0.42 171.0 -213.0 -455.0 60.0 1.91 786.5 84.0 4.0 23.0 1683.0 14.0 4.77 189.0 74.0 18.9662 1.74 -911.0 28.086 15.0 3232.0 90.0 131.0 0.07269 455.6 0.0 80.0 4.63 157.0 8.458 60.6 4.0 1250.0 1.5 117.0 4.2 89.0 4.8 645.0 0.5 383.3 2.002 4.2 1.42 -160.0 0.0 78.0 25.0 100000.0 133.6 19.865 6.44 0.0 148.0 4.29 0.0 0.316 81.0 79.0 26.0 79.97 24.0 4.15 0.988 1577.0 5.0 4.7 1.18 1.8 4.0 50.6 2200.0 4.0 20.0 3538.0 3.0 1.98 0.0 1.319 117.0
16 20 53.0 6.144 8570.0 755.0 58.0 0.387 1.15 -354.0 -409.0 185.0 1.75 663.8 53.0 5.0 54.0 2741.0 41.0 4.0 441.0 186.0 36.55076 1.23 -951.0 92.906 50.0 2416.0 63.0 104.9 0.19256 725.9 170.3 49.0 7.57 450.0 10.4048 153.0 5.0 2700.0 1.64 134.0 4.89 54.0 4.3 275.0 4.5 697.0 1.807 7.3 2.76 -177.0 6.25 49.0 54.0 12.5 86.2 24.442 17.1 7.79 53.7 6.7 2450.0 1.92 50.0 50.0 55.0 37.5 55.0 3.3 1.702 1382.0 5.56 4.05 0.95 1.6 3.0 30.421 3480.0 14.0 24.6 5017.0 5.0 2.03 0.0 1.468 284.0