4.12295288
0 Si48 4.0 4.15 78.0 0.988 4.77 383.3 0.0 3538.0 1577.0 8.458 2200.0 50.6 0.0 0.07269 1.5 148.0 157.0 20.0 1250.0 14.0 786.5 60.6 8.458 6.44 786.5 645.0 455.6 148.0 0.0 1683.0 18.9662 50.6 117.0 4.2 2.002 0.0 133.6 0.0 14.0 0.42 1.98 189.0 1.91 171.0 60.0 477.0 2329.0 0.555 85.0 100000.0
1 0 14.0 3.3 49.0 1.702 4.0 697.0 170.3 5017.0 1382.0 10.4048 3480.0 30.421 2450.0 0.19256 1.64 53.7 450.0 24.6 2700.0 41.0 663.8 153.0 10.4048 17.1 663.8 275.0 725.9 53.7 7.79 2741.0 36.55076 30.421 284.0 7.3 1.807 6.25 86.2 2450.0 41.0 0.387 2.03 441.0 1.75 1.15 185.0 755.0 8570.0 6.144 53.0 12.5
2 V18 14.0 3.3 48.0 1.619 3.6 459.7 158.0 3694.0 1414.0 11.1922 4560.0 17.5 628.0 0.1056 1.64 30.7 497.0 24.89 2550.0 23.0 650.3 233.0 11.1922 27.5 650.3 397.2 514.2 30.7 9.26 2200.0 29.64 17.5 419.0 8.2 1.392 5.5 50.7 628.0 23.0 0.365 2.22 68.4 1.61 5.06 155.0 3.06 6110.0 5.139 54.0 24.8
3 19 14.0 3.3 49.0 1.702 4.0 697.0 170.3 5017.0 1382.0 10.4048 3480.0 30.421 2450.0 0.19256 1.64 53.7 450.0 24.6 2700.0 41.0 663.8 153.0 10.4048 17.1 663.8 275.0 725.9 53.7 7.79 2741.0 36.55076 30.421 284.0 7.3 1.807 6.25 86.2 2450.0 41.0 0.387 2.03 441.0 1.75 1.15 185.0 755.0 8570.0 6.144 53.0 12.5
4 20 14.0 3.3 49.0 1.702 4.0 697.0 170.3 5017.0 1382.0 10.4048 3480.0 30.421 2450.0 0.19256 1.64 53.7 450.0 24.6 2700.0 41.0 663.8 153.0 10.4048 17.1 663.8 275.0 725.9 53.7 7.79 2741.0 36.55076 30.421 284.0 7.3 1.807 6.25 86.2 2450.0 41.0 0.387 2.03 441.0 1.75 1.15 185.0 755.0 8570.0 6.144 53.0 12.5
5 21 14.0 3.3 49.0 1.702 4.0 697.0 170.3 5017.0 1382.0 10.4048 3480.0 30.421 2450.0 0.19256 1.64 53.7 450.0 24.6 2700.0 41.0 663.8 153.0 10.4048 17.1 663.8 275.0 725.9 53.7 7.79 2741.0 36.55076 30.421 284.0 7.3 1.807 6.25 86.2 2450.0 41.0 0.387 2.03 441.0 1.75 1.15 185.0 755.0 8570.0 6.144 53.0 12.5
6 22 14.0 3.3 49.0 1.702 4.0 697.0 170.3 5017.0 1382.0 10.4048 3480.0 30.421 2450.0 0.19256 1.64 53.7 450.0 24.6 2700.0 41.0 663.8 153.0 10.4048 17.1 663.8 275.0 725.9 53.7 7.79 2741.0 36.55076 30.421 284.0 7.3 1.807 6.25 86.2 2450.0 41.0 0.387 2.03 441.0 1.75 1.15 185.0 755.0 8570.0 6.144 53.0 12.5
7 23 14.0 3.3 49.0 1.702 4.0 697.0 170.3 5017.0 1382.0 10.4048 3480.0 30.421 2450.0 0.19256 1.64 53.7 450.0 24.6 2700.0 41.0 663.8 153.0 10.4048 17.1 663.8 275.0 725.9 53.7 7.79 2741.0 36.55076 30.421 284.0 7.3 1.807 6.25 86.2 2450.0 41.0 0.387 2.03 441.0 1.75 1.15 185.0 755.0 8570.0 6.144 53.0 12.5
8 24 14.0 3.3 49.0 1.702 4.0 697.0 170.3 5017.0 1382.0 10.4048 3480.0 30.421 2450.0 0.19256 1.64 53.7 450.0 24.6 2700.0 41.0 663.8 153.0 10.4048 17.1 663.8 275.0 725.9 53.7 7.79 2741.0 36.55076 30.421 284.0 7.3 1.807 6.25 86.2 2450.0 41.0 0.387 2.03 441.0 1.75 1.15 185.0 755.0 8570.0 6.144 53.0 12.5
9 25 14.0 3.3 49.0 1.702 4.0 697.0 170.3 5017.0 1382.0 10.4048 3480.0 30.421 2450.0 0.19256 1.64 53.7 450.0 24.6 2700.0 41.0 663.8 153.0 10.4048 17.1 663.8 275.0 725.9 53.7 7.79 2741.0 36.55076 30.421 284.0 7.3 1.807 6.25 86.2 2450.0 41.0 0.387 2.03 441.0 1.75 1.15 185.0 755.0 8570.0 6.144 53.0 12.5
10 30 14.0 3.3 49.0 1.702 4.0 697.0 170.3 5017.0 1382.0 10.4048 3480.0 30.421 2450.0 0.19256 1.64 53.7 450.0 24.6 2700.0 41.0 663.8 153.0 10.4048 17.1 663.8 275.0 725.9 53.7 7.79 2741.0 36.55076 30.421 284.0 7.3 1.807 6.25 86.2 2450.0 41.0 0.387 2.03 441.0 1.75 1.15 185.0 755.0 8570.0 6.144 53.0 12.5