3.66154619
0 0 53.0 6.144 8570.0 755.0 58.0 0.387 1.15 -354.0 -409.0 185.0 1.75 663.8 53.0 5.0 54.0 2741.0 41.0 4.0 441.0 186.0 36.55076 1.23 -951.0 92.906 50.0 2416.0 63.0 104.9 0.19256 725.9 170.3 49.0 7.57 450.0 10.4048 153.0 5.0 2700.0 1.64 134.0 4.89 54.0 4.3 275.0 4.5 697.0 1.807 7.3 2.76 -177.0 6.25 49.0 54.0 12.5 86.2 24.442 17.1 7.79 53.7 6.7 2450.0 1.92 50.0 50.0 55.0 37.5 55.0 3.3 1.702 1382.0 5.56 4.05 0.95 1.6 3.0 30.421 3480.0 14.0 24.6 5017.0 5.0 2.03 0.0 1.468 284.0
1 1 53.0 6.144 8570.0 755.0 58.0 0.387 1.15 -354.0 -409.0 185.0 1.75 663.8 53.0 5.0 54.0 2741.0 41.0 4.0 441.0 186.0 36.55076 1.23 -951.0 92.906 50.0 2416.0 63.0 104.9 0.19256 725.9 170.3 49.0 7.57 450.0 10.4048 153.0 5.0 2700.0 1.64 134.0 4.89 54.0 4.3 275.0 4.5 697.0 1.807 7.3 2.76 -177.0 6.25 49.0 54.0 12.5 86.2 24.442 17.1 7.79 53.7 6.7 2450.0 1.92 50.0 50.0 55.0 37.5 55.0 3.3 1.702 1382.0 5.56 4.05 0.95 1.6 3.0 30.421 3480.0 14.0 24.6 5017.0 5.0 2.03 0.0 1.468 284.0
2 2 53.0 6.144 8570.0 755.0 58.0 0.387 1.15 -354.0 -409.0 185.0 1.75 663.8 53.0 5.0 54.0 2741.0 41.0 4.0 441.0 186.0 36.55076 1.23 -951.0 92.906 50.0 2416.0 63.0 104.9 0.19256 725.9 170.3 49.0 7.57 450.0 10.4048 153.0 5.0 2700.0 1.64 134.0 4.89 54.0 4.3 275.0 4.5 697.0 1.807 7.3 2.76 -177.0 6.25 49.0 54.0 12.5 86.2 24.442 17.1 7.79 53.7 6.7 2450.0 1.92 50.0 50.0 55.0 37.5 55.0 3.3 1.702 1382.0 5.56 4.05 0.95 1.6 3.0 30.421 3480.0 14.0 24.6 5017.0 5.0 2.03 0.0 1.468 284.0
3 3 53.0 6.144 8570.0 755.0 58.0 0.387 1.15 -354.0 -409.0 185.0 1.75 663.8 53.0 5.0 54.0 2741.0 41.0 4.0 441.0 186.0 36.55076 1.23 -951.0 92.906 50.0 2416.0 63.0 104.9 0.19256 725.9 170.3 49.0 7.57 450.0 10.4048 153.0 5.0 2700.0 1.64 134.0 4.89 54.0 4.3 275.0 4.5 697.0 1.807 7.3 2.76 -177.0 6.25 49.0 54.0 12.5 86.2 24.442 17.1 7.79 53.7 6.7 2450.0 1.92 50.0 50.0 55.0 37.5 55.0 3.3 1.702 1382.0 5.56 4.05 0.95 1.6 3.0 30.421 3480.0 14.0 24.6 5017.0 5.0 2.03 0.0 1.468 284.0
4 4 53.0 6.144 8570.0 755.0 58.0 0.387 1.15 -354.0 -409.0 185.0 1.75 663.8 53.0 5.0 54.0 2741.0 41.0 4.0 441.0 186.0 36.55076 1.23 -951.0 92.906 50.0 2416.0 63.0 104.9 0.19256 725.9 170.3 49.0 7.57 450.0 10.4048 153.0 5.0 2700.0 1.64 134.0 4.89 54.0 4.3 275.0 4.5 697.0 1.807 7.3 2.76 -177.0 6.25 49.0 54.0 12.5 86.2 24.442 17.1 7.79 53.7 6.7 2450.0 1.92 50.0 50.0 55.0 37.5 55.0 3.3 1.702 1382.0 5.56 4.05 0.95 1.6 3.0 30.421 3480.0 14.0 24.6 5017.0 5.0 2.03 0.0 1.468 284.0
5 5 53.0 6.144 8570.0 755.0 58.0 0.387 1.15 -354.0 -409.0 185.0 1.75 663.8 53.0 5.0 54.0 2741.0 41.0 4.0 441.0 186.0 36.55076 1.23 -951.0 92.906 50.0 2416.0 63.0 104.9 0.19256 725.9 170.3 49.0 7.57 450.0 10.4048 153.0 5.0 2700.0 1.64 134.0 4.89 54.0 4.3 275.0 4.5 697.0 1.807 7.3 2.76 -177.0 6.25 49.0 54.0 12.5 86.2 24.442 17.1 7.79 53.7 6.7 2450.0 1.92 50.0 50.0 55.0 37.5 55.0 3.3 1.702 1382.0 5.56 4.05 0.95 1.6 3.0 30.421 3480.0 14.0 24.6 5017.0 5.0 2.03 0.0 1.468 284.0
6 6 53.0 6.144 8570.0 755.0 58.0 0.387 1.15 -354.0 -409.0 185.0 1.75 663.8 53.0 5.0 54.0 2741.0 41.0 4.0 441.0 186.0 36.55076 1.23 -951.0 92.906 50.0 2416.0 63.0 104.9 0.19256 725.9 170.3 49.0 7.57 450.0 10.4048 153.0 5.0 2700.0 1.64 134.0 4.89 54.0 4.3 275.0 4.5 697.0 1.807 7.3 2.76 -177.0 6.25 49.0 54.0 12.5 86.2 24.442 17.1 7.79 53.7 6.7 2450.0 1.92 50.0 50.0 55.0 37.5 55.0 3.3 1.702 1382.0 5.56 4.05 0.95 1.6 3.0 30.421 3480.0 14.0 24.6 5017.0 5.0 2.03 0.0 1.468 284.0
7 7 53.0 6.144 8570.0 755.0 58.0 0.387 1.15 -354.0 -409.0 185.0 1.75 663.8 53.0 5.0 54.0 2741.0 41.0 4.0 441.0 186.0 36.55076 1.23 -951.0 92.906 50.0 2416.0 63.0 104.9 0.19256 725.9 170.3 49.0 7.57 450.0 10.4048 153.0 5.0 2700.0 1.64 134.0 4.89 54.0 4.3 275.0 4.5 697.0 1.807 7.3 2.76 -177.0 6.25 49.0 54.0 12.5 86.2 24.442 17.1 7.79 53.7 6.7 2450.0 1.92 50.0 50.0 55.0 37.5 55.0 3.3 1.702 1382.0 5.56 4.05 0.95 1.6 3.0 30.421 3480.0 14.0 24.6 5017.0 5.0 2.03 0.0 1.468 284.0
8 8 53.0 6.144 8570.0 755.0 58.0 0.387 1.15 -354.0 -409.0 185.0 1.75 663.8 53.0 5.0 54.0 2741.0 41.0 4.0 441.0 186.0 36.55076 1.23 -951.0 92.906 50.0 2416.0 63.0 104.9 0.19256 725.9 170.3 49.0 7.57 450.0 10.4048 153.0 5.0 2700.0 1.64 134.0 4.89 54.0 4.3 275.0 4.5 697.0 1.807 7.3 2.76 -177.0 6.25 49.0 54.0 12.5 86.2 24.442 17.1 7.79 53.7 6.7 2450.0 1.92 50.0 50.0 55.0 37.5 55.0 3.3 1.702 1382.0 5.56 4.05 0.95 1.6 3.0 30.421 3480.0 14.0 24.6 5017.0 5.0 2.03 0.0 1.468 284.0
9 9 53.0 6.144 8570.0 755.0 58.0 0.387 1.15 -354.0 -409.0 185.0 1.75 663.8 53.0 5.0 54.0 2741.0 41.0 4.0 441.0 186.0 36.55076 1.23 -951.0 92.906 50.0 2416.0 63.0 104.9 0.19256 725.9 170.3 49.0 7.57 450.0 10.4048 153.0 5.0 2700.0 1.64 134.0 4.89 54.0 4.3 275.0 4.5 697.0 1.807 7.3 2.76 -177.0 6.25 49.0 54.0 12.5 86.2 24.442 17.1 7.79 53.7 6.7 2450.0 1.92 50.0 50.0 55.0 37.5 55.0 3.3 1.702 1382.0 5.56 4.05 0.95 1.6 3.0 30.421 3480.0 14.0 24.6 5017.0 5.0 2.03 0.0 1.468 284.0
10 10 53.0 6.144 8570.0 755.0 58.0 0.387 1.15 -354.0 -409.0 185.0 1.75 663.8 53.0 5.0 54.0 2741.0 41.0 4.0 441.0 186.0 36.55076 1.23 -951.0 92.906 50.0 2416.0 63.0 104.9 0.19256 725.9 170.3 49.0 7.57 450.0 10.4048 153.0 5.0 2700.0 1.64 134.0 4.89 54.0 4.3 275.0 4.5 697.0 1.807 7.3 2.76 -177.0 6.25 49.0 54.0 12.5 86.2 24.442 17.1 7.79 53.7 6.7 2450.0 1.92 50.0 50.0 55.0 37.5 55.0 3.3 1.702 1382.0 5.56 4.05 0.95 1.6 3.0 30.421 3480.0 14.0 24.6 5017.0 5.0 2.03 0.0 1.468 284.0
11 11 53.0 6.144 8570.0 755.0 58.0 0.387 1.15 -354.0 -409.0 185.0 1.75 663.8 53.0 5.0 54.0 2741.0 41.0 4.0 441.0 186.0 36.55076 1.23 -951.0 92.906 50.0 2416.0 63.0 104.9 0.19256 725.9 170.3 49.0 7.57 450.0 10.4048 153.0 5.0 2700.0 1.64 134.0 4.89 54.0 4.3 275.0 4.5 697.0 1.807 7.3 2.76 -177.0 6.25 49.0 54.0 12.5 86.2 24.442 17.1 7.79 53.7 6.7 2450.0 1.92 50.0 50.0 55.0 37.5 55.0 3.3 1.702 1382.0 5.56 4.05 0.95 1.6 3.0 30.421 3480.0 14.0 24.6 5017.0 5.0 2.03 0.0 1.468 284.0
12 12 53.0 6.144 8570.0 755.0 58.0 0.387 1.15 -354.0 -409.0 185.0 1.75 663.8 53.0 5.0 54.0 2741.0 41.0 4.0 441.0 186.0 36.55076 1.23 -951.0 92.906 50.0 2416.0 63.0 104.9 0.19256 725.9 170.3 49.0 7.57 450.0 10.4048 153.0 5.0 2700.0 1.64 134.0 4.89 54.0 4.3 275.0 4.5 697.0 1.807 7.3 2.76 -177.0 6.25 49.0 54.0 12.5 86.2 24.442 17.1 7.79 53.7 6.7 2450.0 1.92 50.0 50.0 55.0 37.5 55.0 3.3 1.702 1382.0 5.56 4.05 0.95 1.6 3.0 30.421 3480.0 14.0 24.6 5017.0 5.0 2.03 0.0 1.468 284.0
13 13 53.0 6.144 8570.0 755.0 58.0 0.387 1.15 -354.0 -409.0 185.0 1.75 663.8 53.0 5.0 54.0 2741.0 41.0 4.0 441.0 186.0 36.55076 1.23 -951.0 92.906 50.0 2416.0 63.0 104.9 0.19256 725.9 170.3 49.0 7.57 450.0 10.4048 153.0 5.0 2700.0 1.64 134.0 4.89 54.0 4.3 275.0 4.5 697.0 1.807 7.3 2.76 -177.0 6.25 49.0 54.0 12.5 86.2 24.442 17.1 7.79 53.7 6.7 2450.0 1.92 50.0 50.0 55.0 37.5 55.0 3.3 1.702 1382.0 5.56 4.05 0.95 1.6 3.0 30.421 3480.0 14.0 24.6 5017.0 5.0 2.03 0.0 1.468 284.0
14 14 53.0 6.144 8570.0 755.0 58.0 0.387 1.15 -354.0 -409.0 185.0 1.75 663.8 53.0 5.0 54.0 2741.0 41.0 4.0 441.0 186.0 36.55076 1.23 -951.0 92.906 50.0 2416.0 63.0 104.9 0.19256 725.9 170.3 49.0 7.57 450.0 10.4048 153.0 5.0 2700.0 1.64 134.0 4.89 54.0 4.3 275.0 4.5 697.0 1.807 7.3 2.76 -177.0 6.25 49.0 54.0 12.5 86.2 24.442 17.1 7.79 53.7 6.7 2450.0 1.92 50.0 50.0 55.0 37.5 55.0 3.3 1.702 1382.0 5.56 4.05 0.95 1.6 3.0 30.421 3480.0 14.0 24.6 5017.0 5.0 2.03 0.0 1.468 284.0
15 15 53.0 6.144 8570.0 755.0 58.0 0.387 1.15 -354.0 -409.0 185.0 1.75 663.8 53.0 5.0 54.0 2741.0 41.0 4.0 441.0 186.0 36.55076 1.23 -951.0 92.906 50.0 2416.0 63.0 104.9 0.19256 725.9 170.3 49.0 7.57 450.0 10.4048 153.0 5.0 2700.0 1.64 134.0 4.89 54.0 4.3 275.0 4.5 697.0 1.807 7.3 2.76 -177.0 6.25 49.0 54.0 12.5 86.2 24.442 17.1 7.79 53.7 6.7 2450.0 1.92 50.0 50.0 55.0 37.5 55.0 3.3 1.702 1382.0 5.56 4.05 0.95 1.6 3.0 30.421 3480.0 14.0 24.6 5017.0 5.0 2.03 0.0 1.468 284.0
16 16 53.0 6.144 8570.0 755.0 58.0 0.387 1.15 -354.0 -409.0 185.0 1.75 663.8 53.0 5.0 54.0 2741.0 41.0 4.0 441.0 186.0 36.55076 1.23 -951.0 92.906 50.0 2416.0 63.0 104.9 0.19256 725.9 170.3 49.0 7.57 450.0 10.4048 153.0 5.0 2700.0 1.64 134.0 4.89 54.0 4.3 275.0 4.5 697.0 1.807 7.3 2.76 -177.0 6.25 49.0 54.0 12.5 86.2 24.442 17.1 7.79 53.7 6.7 2450.0 1.92 50.0 50.0 55.0 37.5 55.0 3.3 1.702 1382.0 5.56 4.05 0.95 1.6 3.0 30.421 3480.0 14.0 24.6 5017.0 5.0 2.03 0.0 1.468 284.0
17 Ni17 67.0 0.746 8902.0 237.0 72.0 0.312 37.2 -135.0 -241.0 130.0 2.9 736.7 69.0 10.0 38.0 1726.0 28.0 4.4 144.0 121.0 29.89375 1.75 -241.0 58.6934 27.0 3393.0 76.0 199.5 0.30409 429.7 177.3 65.0 4.44 505.0 3.8048 45.7 10.0 2450.0 1.75 115.0 3.52 77.0 5.1 450.0 1.5 379.0 1.093 13.5 2.18 -108.0 13.3 63.0 40.0 6.84 156.0 8.936 46.6 7.02 90.7 5.71 981.0 1.41 66.0 64.0 41.0 76.0 39.0 4.05 1.86 1753.0 9.14 5.2 1.13 1.9 2.0 17.2 4970.0 12.0 26.07 3263.0 4.0 1.76 0.0 1.246 88.6
18 18 53.0 6.144 8570.0 755.0 58.0 0.387 1.15 -354.0 -409.0 185.0 1.75 663.8 53.0 5.0 54.0 2741.0 41.0 4.0 441.0 186.0 36.55076 1.23 -951.0 92.906 50.0 2416.0 63.0 104.9 0.19256 725.9 170.3 49.0 7.57 450.0 10.4048 153.0 5.0 2700.0 1.64 134.0 4.89 54.0 4.3 275.0 4.5 697.0 1.807 7.3 2.76 -177.0 6.25 49.0 54.0 12.5 86.2 24.442 17.1 7.79 53.7 6.7 2450.0 1.92 50.0 50.0 55.0 37.5 55.0 3.3 1.702 1382.0 5.56 4.05 0.95 1.6 3.0 30.421 3480.0 14.0 24.6 5017.0 5.0 2.03 0.0 1.468 284.0
19 19 53.0 6.144 8570.0 755.0 58.0 0.387 1.15 -354.0 -409.0 185.0 1.75 663.8 53.0 5.0 54.0 2741.0 41.0 4.0 441.0 186.0 36.55076 1.23 -951.0 92.906 50.0 2416.0 63.0 104.9 0.19256 725.9 170.3 49.0 7.57 450.0 10.4048 153.0 5.0 2700.0 1.64 134.0 4.89 54.0 4.3 275.0 4.5 697.0 1.807 7.3 2.76 -177.0 6.25 49.0 54.0 12.5 86.2 24.442 17.1 7.79 53.7 6.7 2450.0 1.92 50.0 50.0 55.0 37.5 55.0 3.3 1.702 1382.0 5.56 4.05 0.95 1.6 3.0 30.421 3480.0 14.0 24.6 5017.0 5.0 2.03 0.0 1.468 284.0
20 20 53.0 6.144 8570.0 755.0 58.0 0.387 1.15 -354.0 -409.0 185.0 1.75 663.8 53.0 5.0 54.0 2741.0 41.0 4.0 441.0 186.0 36.55076 1.23 -951.0 92.906 50.0 2416.0 63.0 104.9 0.19256 725.9 170.3 49.0 7.57 450.0 10.4048 153.0 5.0 2700.0 1.64 134.0 4.89 54.0 4.3 275.0 4.5 697.0 1.807 7.3 2.76 -177.0 6.25 49.0 54.0 12.5 86.2 24.442 17.1 7.79 53.7 6.7 2450.0 1.92 50.0 50.0 55.0 37.5 55.0 3.3 1.702 1382.0 5.56 4.05 0.95 1.6 3.0 30.421 3480.0 14.0 24.6 5017.0 5.0 2.03 0.0 1.468 284.0
21 21 53.0 6.144 8570.0 755.0 58.0 0.387 1.15 -354.0 -409.0 185.0 1.75 663.8 53.0 5.0 54.0 2741.0 41.0 4.0 441.0 186.0 36.55076 1.23 -951.0 92.906 50.0 2416.0 63.0 104.9 0.19256 725.9 170.3 49.0 7.57 450.0 10.4048 153.0 5.0 2700.0 1.64 134.0 4.89 54.0 4.3 275.0 4.5 697.0 1.807 7.3 2.76 -177.0 6.25 49.0 54.0 12.5 86.2 24.442 17.1 7.79 53.7 6.7 2450.0 1.92 50.0 50.0 55.0 37.5 55.0 3.3 1.702 1382.0 5.56 4.05 0.95 1.6 3.0 30.421 3480.0 14.0 24.6 5017.0 5.0 2.03 0.0 1.468 284.0
22 22 53.0 6.144 8570.0 755.0 58.0 0.387 1.15 -354.0 -409.0 185.0 1.75 663.8 53.0 5.0 54.0 2741.0 41.0 4.0 441.0 186.0 36.55076 1.23 -951.0 92.906 50.0 2416.0 63.0 104.9 0.19256 725.9 170.3 49.0 7.57 450.0 10.4048 153.0 5.0 2700.0 1.64 134.0 4.89 54.0 4.3 275.0 4.5 697.0 1.807 7.3 2.76 -177.0 6.25 49.0 54.0 12.5 86.2 24.442 17.1 7.79 53.7 6.7 2450.0 1.92 50.0 50.0 55.0 37.5 55.0 3.3 1.702 1382.0 5.56 4.05 0.95 1.6 3.0 30.421 3480.0 14.0 24.6 5017.0 5.0 2.03 0.0 1.468 284.0
23 23 53.0 6.144 8570.0 755.0 58.0 0.387 1.15 -354.0 -409.0 185.0 1.75 663.8 53.0 5.0 54.0 2741.0 41.0 4.0 441.0 186.0 36.55076 1.23 -951.0 92.906 50.0 2416.0 63.0 104.9 0.19256 725.9 170.3 49.0 7.57 450.0 10.4048 153.0 5.0 2700.0 1.64 134.0 4.89 54.0 4.3 275.0 4.5 697.0 1.807 7.3 2.76 -177.0 6.25 49.0 54.0 12.5 86.2 24.442 17.1 7.79 53.7 6.7 2450.0 1.92 50.0 50.0 55.0 37.5 55.0 3.3 1.702 1382.0 5.56 4.05 0.95 1.6 3.0 30.421 3480.0 14.0 24.6 5017.0 5.0 2.03 0.0 1.468 284.0
24 24 53.0 6.144 8570.0 755.0 58.0 0.387 1.15 -354.0 -409.0 185.0 1.75 663.8 53.0 5.0 54.0 2741.0 41.0 4.0 441.0 186.0 36.55076 1.23 -951.0 92.906 50.0 2416.0 63.0 104.9 0.19256 725.9 170.3 49.0 7.57 450.0 10.4048 153.0 5.0 2700.0 1.64 134.0 4.89 54.0 4.3 275.0 4.5 697.0 1.807 7.3 2.76 -177.0 6.25 49.0 54.0 12.5 86.2 24.442 17.1 7.79 53.7 6.7 2450.0 1.92 50.0 50.0 55.0 37.5 55.0 3.3 1.702 1382.0 5.56 4.05 0.95 1.6 3.0 30.421 3480.0 14.0 24.6 5017.0 5.0 2.03 0.0 1.468 284.0
25 25 53.0 6.144 8570.0 755.0 58.0 0.387 1.15 -354.0 -409.0 185.0 1.75 663.8 53.0 5.0 54.0 2741.0 41.0 4.0 441.0 186.0 36.55076 1.23 -951.0 92.906 50.0 2416.0 63.0 104.9 0.19256 725.9 170.3 49.0 7.57 450.0 10.4048 153.0 5.0 2700.0 1.64 134.0 4.89 54.0 4.3 275.0 4.5 697.0 1.807 7.3 2.76 -177.0 6.25 49.0 54.0 12.5 86.2 24.442 17.1 7.79 53.7 6.7 2450.0 1.92 50.0 50.0 55.0 37.5 55.0 3.3 1.702 1382.0 5.56 4.05 0.95 1.6 3.0 30.421 3480.0 14.0 24.6 5017.0 5.0 2.03 0.0 1.468 284.0
26 26 53.0 6.144 8570.0 755.0 58.0 0.387 1.15 -354.0 -409.0 185.0 1.75 663.8 53.0 5.0 54.0 2741.0 41.0 4.0 441.0 186.0 36.55076 1.23 -951.0 92.906 50.0 2416.0 63.0 104.9 0.19256 725.9 170.3 49.0 7.57 450.0 10.4048 153.0 5.0 2700.0 1.64 134.0 4.89 54.0 4.3 275.0 4.5 697.0 1.807 7.3 2.76 -177.0 6.25 49.0 54.0 12.5 86.2 24.442 17.1 7.79 53.7 6.7 2450.0 1.92 50.0 50.0 55.0 37.5 55.0 3.3 1.702 1382.0 5.56 4.05 0.95 1.6 3.0 30.421 3480.0 14.0 24.6 5017.0 5.0 2.03 0.0 1.468 284.0
27 27 53.0 6.144 8570.0 755.0 58.0 0.387 1.15 -354.0 -409.0 185.0 1.75 663.8 53.0 5.0 54.0 2741.0 41.0 4.0 441.0 186.0 36.55076 1.23 -951.0 92.906 50.0 2416.0 63.0 104.9 0.19256 725.9 170.3 49.0 7.57 450.0 10.4048 153.0 5.0 2700.0 1.64 134.0 4.89 54.0 4.3 275.0 4.5 697.0 1.807 7.3 2.76 -177.0 6.25 49.0 54.0 12.5 86.2 24.442 17.1 7.79 53.7 6.7 2450.0 1.92 50.0 50.0 55.0 37.5 55.0 3.3 1.702 1382.0 5.56 4.05 0.95 1.6 3.0 30.421 3480.0 14.0 24.6 5017.0 5.0 2.03 0.0 1.468 284.0
28 28 53.0 6.144 8570.0 755.0 58.0 0.387 1.15 -354.0 -409.0 185.0 1.75 663.8 53.0 5.0 54.0 2741.0 41.0 4.0 441.0 186.0 36.55076 1.23 -951.0 92.906 50.0 2416.0 63.0 104.9 0.19256 725.9 170.3 49.0 7.57 450.0 10.4048 153.0 5.0 2700.0 1.64 134.0 4.89 54.0 4.3 275.0 4.5 697.0 1.807 7.3 2.76 -177.0 6.25 49.0 54.0 12.5 86.2 24.442 17.1 7.79 53.7 6.7 2450.0 1.92 50.0 50.0 55.0 37.5 55.0 3.3 1.702 1382.0 5.56 4.05 0.95 1.6 3.0 30.421 3480.0 14.0 24.6 5017.0 5.0 2.03 0.0 1.468 284.0
29 29 53.0 6.144 8570.0 755.0 58.0 0.387 1.15 -354.0 -409.0 185.0 1.75 663.8 53.0 5.0 54.0 2741.0 41.0 4.0 441.0 186.0 36.55076 1.23 -951.0 92.906 50.0 2416.0 63.0 104.9 0.19256 725.9 170.3 49.0 7.57 450.0 10.4048 153.0 5.0 2700.0 1.64 134.0 4.89 54.0 4.3 275.0 4.5 697.0 1.807 7.3 2.76 -177.0 6.25 49.0 54.0 12.5 86.2 24.442 17.1 7.79 53.7 6.7 2450.0 1.92 50.0 50.0 55.0 37.5 55.0 3.3 1.702 1382.0 5.56 4.05 0.95 1.6 3.0 30.421 3480.0 14.0 24.6 5017.0 5.0 2.03 0.0 1.468 284.0
30 30 53.0 6.144 8570.0 755.0 58.0 0.387 1.15 -354.0 -409.0 185.0 1.75 663.8 53.0 5.0 54.0 2741.0 41.0 4.0 441.0 186.0 36.55076 1.23 -951.0 92.906 50.0 2416.0 63.0 104.9 0.19256 725.9 170.3 49.0 7.57 450.0 10.4048 153.0 5.0 2700.0 1.64 134.0 4.89 54.0 4.3 275.0 4.5 697.0 1.807 7.3 2.76 -177.0 6.25 49.0 54.0 12.5 86.2 24.442 17.1 7.79 53.7 6.7 2450.0 1.92 50.0 50.0 55.0 37.5 55.0 3.3 1.702 1382.0 5.56 4.05 0.95 1.6 3.0 30.421 3480.0 14.0 24.6 5017.0 5.0 2.03 0.0 1.468 284.0
31 31 85.0 0.555 2329.0 477.0 90.0 0.42 171.0 -213.0 -455.0 60.0 1.91 786.5 84.0 4.0 23.0 1683.0 14.0 4.77 189.0 74.0 18.9662 1.74 -911.0 28.086 15.0 3232.0 90.0 131.0 0.07269 455.6 0.0 80.0 4.63 157.0 8.458 60.6 4.0 1250.0 1.5 117.0 4.2 89.0 4.8 645.0 0.5 383.3 2.002 4.2 1.42 -160.0 0.0 78.0 25.0 100000.0 133.6 19.865 6.44 0.0 148.0 4.29 0.0 0.316 81.0 79.0 26.0 79.97 24.0 4.15 0.988 1577.0 5.0 4.7 1.18 1.8 4.0 50.6 2200.0 4.0 20.0 3538.0 3.0 1.98 0.0 1.319 117.0
32 32 85.0 0.555 2329.0 477.0 90.0 0.42 171.0 -213.0 -455.0 60.0 1.91 786.5 84.0 4.0 23.0 1683.0 14.0 4.77 189.0 74.0 18.9662 1.74 -911.0 28.086 15.0 3232.0 90.0 131.0 0.07269 455.6 0.0 80.0 4.63 157.0 8.458 60.6 4.0 1250.0 1.5 117.0 4.2 89.0 4.8 645.0 0.5 383.3 2.002 4.2 1.42 -160.0 0.0 78.0 25.0 100000.0 133.6 19.865 6.44 0.0 148.0 4.29 0.0 0.316 81.0 79.0 26.0 79.97 24.0 4.15 0.988 1577.0 5.0 4.7 1.18 1.8 4.0 50.6 2200.0 4.0 20.0 3538.0 3.0 1.98 0.0 1.319 117.0
33 33 85.0 0.555 2329.0 477.0 90.0 0.42 171.0 -213.0 -455.0 60.0 1.91 786.5 84.0 4.0 23.0 1683.0 14.0 4.77 189.0 74.0 18.9662 1.74 -911.0 28.086 15.0 3232.0 90.0 131.0 0.07269 455.6 0.0 80.0 4.63 157.0 8.458 60.6 4.0 1250.0 1.5 117.0 4.2 89.0 4.8 645.0 0.5 383.3 2.002 4.2 1.42 -160.0 0.0 78.0 25.0 100000.0 133.6 19.865 6.44 0.0 148.0 4.29 0.0 0.316 81.0 79.0 26.0 79.97 24.0 4.15 0.988 1577.0 5.0 4.7 1.18 1.8 4.0 50.6 2200.0 4.0 20.0 3538.0 3.0 1.98 0.0 1.319 117.0
34 34 85.0 0.555 2329.0 477.0 90.0 0.42 171.0 -213.0 -455.0 60.0 1.91 786.5 84.0 4.0 23.0 1683.0 14.0 4.77 189.0 74.0 18.9662 1.74 -911.0 28.086 15.0 3232.0 90.0 131.0 0.07269 455.6 0.0 80.0 4.63 157.0 8.458 60.6 4.0 1250.0 1.5 117.0 4.2 89.0 4.8 645.0 0.5 383.3 2.002 4.2 1.42 -160.0 0.0 78.0 25.0 100000.0 133.6 19.865 6.44 0.0 148.0 4.29 0.0 0.316 81.0 79.0 26.0 79.97 24.0 4.15 0.988 1577.0 5.0 4.7 1.18 1.8 4.0 50.6 2200.0 4.0 20.0 3538.0 3.0 1.98 0.0 1.319 117.0
35 35 85.0 0.555 2329.0 477.0 90.0 0.42 171.0 -213.0 -455.0 60.0 1.91 786.5 84.0 4.0 23.0 1683.0 14.0 4.77 189.0 74.0 18.9662 1.74 -911.0 28.086 15.0 3232.0 90.0 131.0 0.07269 455.6 0.0 80.0 4.63 157.0 8.458 60.6 4.0 1250.0 1.5 117.0 4.2 89.0 4.8 645.0 0.5 383.3 2.002 4.2 1.42 -160.0 0.0 78.0 25.0 100000.0 133.6 19.865 6.44 0.0 148.0 4.29 0.0 0.316 81.0 79.0 26.0 79.97 24.0 4.15 0.988 1577.0 5.0 4.7 1.18 1.8 4.0 50.6 2200.0 4.0 20.0 3538.0 3.0 1.98 0.0 1.319 117.0
36 36 85.0 0.555 2329.0 477.0 90.0 0.42 171.0 -213.0 -455.0 60.0 1.91 786.5 84.0 4.0 23.0 1683.0 14.0 4.77 189.0 74.0 18.9662 1.74 -911.0 28.086 15.0 3232.0 90.0 131.0 0.07269 455.6 0.0 80.0 4.63 157.0 8.458 60.6 4.0 1250.0 1.5 117.0 4.2 89.0 4.8 645.0 0.5 383.3 2.002 4.2 1.42 -160.0 0.0 78.0 25.0 100000.0 133.6 19.865 6.44 0.0 148.0 4.29 0.0 0.316 81.0 79.0 26.0 79.97 24.0 4.15 0.988 1577.0 5.0 4.7 1.18 1.8 4.0 50.6 2200.0 4.0 20.0 3538.0 3.0 1.98 0.0 1.319 117.0
37 37 85.0 0.555 2329.0 477.0 90.0 0.42 171.0 -213.0 -455.0 60.0 1.91 786.5 84.0 4.0 23.0 1683.0 14.0 4.77 189.0 74.0 18.9662 1.74 -911.0 28.086 15.0 3232.0 90.0 131.0 0.07269 455.6 0.0 80.0 4.63 157.0 8.458 60.6 4.0 1250.0 1.5 117.0 4.2 89.0 4.8 645.0 0.5 383.3 2.002 4.2 1.42 -160.0 0.0 78.0 25.0 100000.0 133.6 19.865 6.44 0.0 148.0 4.29 0.0 0.316 81.0 79.0 26.0 79.97 24.0 4.15 0.988 1577.0 5.0 4.7 1.18 1.8 4.0 50.6 2200.0 4.0 20.0 3538.0 3.0 1.98 0.0 1.319 117.0
38 38 85.0 0.555 2329.0 477.0 90.0 0.42 171.0 -213.0 -455.0 60.0 1.91 786.5 84.0 4.0 23.0 1683.0 14.0 4.77 189.0 74.0 18.9662 1.74 -911.0 28.086 15.0 3232.0 90.0 131.0 0.07269 455.6 0.0 80.0 4.63 157.0 8.458 60.6 4.0 1250.0 1.5 117.0 4.2 89.0 4.8 645.0 0.5 383.3 2.002 4.2 1.42 -160.0 0.0 78.0 25.0 100000.0 133.6 19.865 6.44 0.0 148.0 4.29 0.0 0.316 81.0 79.0 26.0 79.97 24.0 4.15 0.988 1577.0 5.0 4.7 1.18 1.8 4.0 50.6 2200.0 4.0 20.0 3538.0 3.0 1.98 0.0 1.319 117.0
39 39 85.0 0.555 2329.0 477.0 90.0 0.42 171.0 -213.0 -455.0 60.0 1.91 786.5 84.0 4.0 23.0 1683.0 14.0 4.77 189.0 74.0 18.9662 1.74 -911.0 28.086 15.0 3232.0 90.0 131.0 0.07269 455.6 0.0 80.0 4.63 157.0 8.458 60.6 4.0 1250.0 1.5 117.0 4.2 89.0 4.8 645.0 0.5 383.3 2.002 4.2 1.42 -160.0 0.0 78.0 25.0 100000.0 133.6 19.865 6.44 0.0 148.0 4.29 0.0 0.316 81.0 79.0 26.0 79.97 24.0 4.15 0.988 1577.0 5.0 4.7 1.18 1.8 4.0 50.6 2200.0 4.0 20.0 3538.0 3.0 1.98 0.0 1.319 117.0
40 40 85.0 0.555 2329.0 477.0 90.0 0.42 171.0 -213.0 -455.0 60.0 1.91 786.5 84.0 4.0 23.0 1683.0 14.0 4.77 189.0 74.0 18.9662 1.74 -911.0 28.086 15.0 3232.0 90.0 131.0 0.07269 455.6 0.0 80.0 4.63 157.0 8.458 60.6 4.0 1250.0 1.5 117.0 4.2 89.0 4.8 645.0 0.5 383.3 2.002 4.2 1.42 -160.0 0.0 78.0 25.0 100000.0 133.6 19.865 6.44 0.0 148.0 4.29 0.0 0.316 81.0 79.0 26.0 79.97 24.0 4.15 0.988 1577.0 5.0 4.7 1.18 1.8 4.0 50.6 2200.0 4.0 20.0 3538.0 3.0 1.98 0.0 1.319 117.0
41 41 85.0 0.555 2329.0 477.0 90.0 0.42 171.0 -213.0 -455.0 60.0 1.91 786.5 84.0 4.0 23.0 1683.0 14.0 4.77 189.0 74.0 18.9662 1.74 -911.0 28.086 15.0 3232.0 90.0 131.0 0.07269 455.6 0.0 80.0 4.63 157.0 8.458 60.6 4.0 1250.0 1.5 117.0 4.2 89.0 4.8 645.0 0.5 383.3 2.002 4.2 1.42 -160.0 0.0 78.0 25.0 100000.0 133.6 19.865 6.44 0.0 148.0 4.29 0.0 0.316 81.0 79.0 26.0 79.97 24.0 4.15 0.988 1577.0 5.0 4.7 1.18 1.8 4.0 50.6 2200.0 4.0 20.0 3538.0 3.0 1.98 0.0 1.319 117.0
42 42 85.0 0.555 2329.0 477.0 90.0 0.42 171.0 -213.0 -455.0 60.0 1.91 786.5 84.0 4.0 23.0 1683.0 14.0 4.77 189.0 74.0 18.9662 1.74 -911.0 28.086 15.0 3232.0 90.0 131.0 0.07269 455.6 0.0 80.0 4.63 157.0 8.458 60.6 4.0 1250.0 1.5 117.0 4.2 89.0 4.8 645.0 0.5 383.3 2.002 4.2 1.42 -160.0 0.0 78.0 25.0 100000.0 133.6 19.865 6.44 0.0 148.0 4.29 0.0 0.316 81.0 79.0 26.0 79.97 24.0 4.15 0.988 1577.0 5.0 4.7 1.18 1.8 4.0 50.6 2200.0 4.0 20.0 3538.0 3.0 1.98 0.0 1.319 117.0
43 Y43 25.0 0.137 4469.0 5.31 24.0 0.265 1.28 -482.0 -635.0 125.0 2.42 615.6 48.0 3.0 88.0 1796.0 39.0 3.19 396.0 116.0 46.0548 1.11 -953.0 88.906 52.0 1980.0 65.0 66.3 0.30715 423.3 0.0 15.0 4.37 98.0 2.086 134.0 3.0 1125.0 1.21 162.0 7.34 52.0 3.1 280.0 0.5 393.0 3.318 11.3 2.94 -482.0 1.54 14.0 89.0 57.0 29.6 4.899 100.0 10.2 17.2 6.26 589.0 1.84 16.0 15.0 90.0 25.5 89.0 3.0 0.366 1181.0 3.02 3.2 1.22 1.2 3.0 11.5 3300.0 12.0 26.53 3618.0 5.0 1.41 0.0 1.801 252.0
44 44 85.0 0.555 2329.0 477.0 90.0 0.42 171.0 -213.0 -455.0 60.0 1.91 786.5 84.0 4.0 23.0 1683.0 14.0 4.77 189.0 74.0 18.9662 1.74 -911.0 28.086 15.0 3232.0 90.0 131.0 0.07269 455.6 0.0 80.0 4.63 157.0 8.458 60.6 4.0 1250.0 1.5 117.0 4.2 89.0 4.8 645.0 0.5 383.3 2.002 4.2 1.42 -160.0 0.0 78.0 25.0 100000.0 133.6 19.865 6.44 0.0 148.0 4.29 0.0 0.316 81.0 79.0 26.0 79.97 24.0 4.15 0.988 1577.0 5.0 4.7 1.18 1.8 4.0 50.6 2200.0 4.0 20.0 3538.0 3.0 1.98 0.0 1.319 117.0
45 45 85.0 0.555 2329.0 477.0 90.0 0.42 171.0 -213.0 -455.0 60.0 1.91 786.5 84.0 4.0 23.0 1683.0 14.0 4.77 189.0 74.0 18.9662 1.74 -911.0 28.086 15.0 3232.0 90.0 131.0 0.07269 455.6 0.0 80.0 4.63 157.0 8.458 60.6 4.0 1250.0 1.5 117.0 4.2 89.0 4.8 645.0 0.5 383.3 2.002 4.2 1.42 -160.0 0.0 78.0 25.0 100000.0 133.6 19.865 6.44 0.0 148.0 4.29 0.0 0.316 81.0 79.0 26.0 79.97 24.0 4.15 0.988 1577.0 5.0 4.7 1.18 1.8 4.0 50.6 2200.0 4.0 20.0 3538.0 3.0 1.98 0.0 1.319 117.0
46 46 85.0 0.555 2329.0 477.0 90.0 0.42 171.0 -213.0 -455.0 60.0 1.91 786.5 84.0 4.0 23.0 1683.0 14.0 4.77 189.0 74.0 18.9662 1.74 -911.0 28.086 15.0 3232.0 90.0 131.0 0.07269 455.6 0.0 80.0 4.63 157.0 8.458 60.6 4.0 1250.0 1.5 117.0 4.2 89.0 4.8 645.0 0.5 383.3 2.002 4.2 1.42 -160.0 0.0 78.0 25.0 100000.0 133.6 19.865 6.44 0.0 148.0 4.29 0.0 0.316 81.0 79.0 26.0 79.97 24.0 4.15 0.988 1577.0 5.0 4.7 1.18 1.8 4.0 50.6 2200.0 4.0 20.0 3538.0 3.0 1.98 0.0 1.319 117.0
47 47 85.0 0.555 2329.0 477.0 90.0 0.42 171.0 -213.0 -455.0 60.0 1.91 786.5 84.0 4.0 23.0 1683.0 14.0 4.77 189.0 74.0 18.9662 1.74 -911.0 28.086 15.0 3232.0 90.0 131.0 0.07269 455.6 0.0 80.0 4.63 157.0 8.458 60.6 4.0 1250.0 1.5 117.0 4.2 89.0 4.8 645.0 0.5 383.3 2.002 4.2 1.42 -160.0 0.0 78.0 25.0 100000.0 133.6 19.865 6.44 0.0 148.0 4.29 0.0 0.316 81.0 79.0 26.0 79.97 24.0 4.15 0.988 1577.0 5.0 4.7 1.18 1.8 4.0 50.6 2200.0 4.0 20.0 3538.0 3.0 1.98 0.0 1.319 117.0
48 48 85.0 0.555 2329.0 477.0 90.0 0.42 171.0 -213.0 -455.0 60.0 1.91 786.5 84.0 4.0 23.0 1683.0 14.0 4.77 189.0 74.0 18.9662 1.74 -911.0 28.086 15.0 3232.0 90.0 131.0 0.07269 455.6 0.0 80.0 4.63 157.0 8.458 60.6 4.0 1250.0 1.5 117.0 4.2 89.0 4.8 645.0 0.5 383.3 2.002 4.2 1.42 -160.0 0.0 78.0 25.0 100000.0 133.6 19.865 6.44 0.0 148.0 4.29 0.0 0.316 81.0 79.0 26.0 79.97 24.0 4.15 0.988 1577.0 5.0 4.7 1.18 1.8 4.0 50.6 2200.0 4.0 20.0 3538.0 3.0 1.98 0.0 1.319 117.0
49 49 85.0 0.555 2329.0 477.0 90.0 0.42 171.0 -213.0 -455.0 60.0 1.91 786.5 84.0 4.0 23.0 1683.0 14.0 4.77 189.0 74.0 18.9662 1.74 -911.0 28.086 15.0 3232.0 90.0 131.0 0.07269 455.6 0.0 80.0 4.63 157.0 8.458 60.6 4.0 1250.0 1.5 117.0 4.2 89.0 4.8 645.0 0.5 383.3 2.002 4.2 1.42 -160.0 0.0 78.0 25.0 100000.0 133.6 19.865 6.44 0.0 148.0 4.29 0.0 0.316 81.0 79.0 26.0 79.97 24.0 4.15 0.988 1577.0 5.0 4.7 1.18 1.8 4.0 50.6 2200.0 4.0 20.0 3538.0 3.0 1.98 0.0 1.319 117.0
50 50 85.0 0.555 2329.0 477.0 90.0 0.42 171.0 -213.0 -455.0 60.0 1.91 786.5 84.0 4.0 23.0 1683.0 14.0 4.77 189.0 74.0 18.9662 1.74 -911.0 28.086 15.0 3232.0 90.0 131.0 0.07269 455.6 0.0 80.0 4.63 157.0 8.458 60.6 4.0 1250.0 1.5 117.0 4.2 89.0 4.8 645.0 0.5 383.3 2.002 4.2 1.42 -160.0 0.0 78.0 25.0 100000.0 133.6 19.865 6.44 0.0 148.0 4.29 0.0 0.316 81.0 79.0 26.0 79.97 24.0 4.15 0.988 1577.0 5.0 4.7 1.18 1.8 4.0 50.6 2200.0 4.0 20.0 3538.0 3.0 1.98 0.0 1.319 117.0
51 51 85.0 0.555 2329.0 477.0 90.0 0.42 171.0 -213.0 -455.0 60.0 1.91 786.5 84.0 4.0 23.0 1683.0 14.0 4.77 189.0 74.0 18.9662 1.74 -911.0 28.086 15.0 3232.0 90.0 131.0 0.07269 455.6 0.0 80.0 4.63 157.0 8.458 60.6 4.0 1250.0 1.5 117.0 4.2 89.0 4.8 645.0 0.5 383.3 2.002 4.2 1.42 -160.0 0.0 78.0 25.0 100000.0 133.6 19.865 6.44 0.0 148.0 4.29 0.0 0.316 81.0 79.0 26.0 79.97 24.0 4.15 0.988 1577.0 5.0 4.7 1.18 1.8 4.0 50.6 2200.0 4.0 20.0 3538.0 3.0 1.98 0.0 1.319 117.0
52 52 85.0 0.555 2329.0 477.0 90.0 0.42 171.0 -213.0 -455.0 60.0 1.91 786.5 84.0 4.0 23.0 1683.0 14.0 4.77 189.0 74.0 18.9662 1.74 -911.0 28.086 15.0 3232.0 90.0 131.0 0.07269 455.6 0.0 80.0 4.63 157.0 8.458 60.6 4.0 1250.0 1.5 117.0 4.2 89.0 4.8 645.0 0.5 383.3 2.002 4.2 1.42 -160.0 0.0 78.0 25.0 100000.0 133.6 19.865 6.44 0.0 148.0 4.29 0.0 0.316 81.0 79.0 26.0 79.97 24.0 4.15 0.988 1577.0 5.0 4.7 1.18 1.8 4.0 50.6 2200.0 4.0 20.0 3538.0 3.0 1.98 0.0 1.319 117.0