-0.356944490000005
0 Ti 51.0 0.787 4540.0 0.49 56.0 0.361 6.1 -408.0 -520.0 150.0 1.81 658.0 51.0 4.0 56.0 1998.0 22.0 3.45 571.0 143.0 30.68924 1.32 -945.0 47.88 33.0 2653.0 82.0 120.2 0.12409 469.9 108.4 47.0 4.85 568.0 2.4004 208.0 4.0 2100.0 1.52 132.0 4.82 71.0 4.3 420.0 2.5 472.6 1.764 8.7 2.58 -272.0 2.28 45.0 58.0 42.0 7.6 5.638 24.2 3.35 21.9 4.82 716.0 1.16 48.0 46.0 59.0 45.6 57.0 3.15 1.051 1310.0 5.66 3.8 0.91 1.5 2.0 18.8 4140.0 12.0 25.06 3637.0 4.0 1.86 0.0 1.462 377.0
1 Mo 56.0 0.91 10220.0 3.47 62.0 0.293 2.6 -308.0 -294.0 200.0 1.46 684.9 56.0 6.0 51.0 2890.0 42.0 3.9 163.0 188.0 28.59584 1.3 -745.0 95.94 49.0 2621.0 62.0 324.8 0.1658 658.1 261.2 52.0 6.82 292.0 2.774 162.0 6.0 3000.0 1.77 129.0 4.45 55.0 4.6 450.0 2.5 617.0 1.558 5.2 2.72 -138.0 20.0 52.0 51.0 5.2 72.0 6.514 18.4 2.0 138.0 6.98 2500.0 1.95 53.0 53.0 52.0 125.6 52.0 3.45 2.725 1558.0 6.42 4.65 0.9 1.8 3.0 28.0 5900.0 14.0 24.06 5833.0 5.0 1.94 0.0 1.4 300.0
2 Mo 56.0 0.91 10220.0 3.47 62.0 0.293 2.6 -308.0 -294.0 200.0 1.46 684.9 56.0 6.0 51.0 2890.0 42.0 3.9 163.0 188.0 28.59584 1.3 -745.0 95.94 49.0 2621.0 62.0 324.8 0.1658 658.1 261.2 52.0 6.82 292.0 2.774 162.0 6.0 3000.0 1.77 129.0 4.45 55.0 4.6 450.0 2.5 617.0 1.558 5.2 2.72 -138.0 20.0 52.0 51.0 5.2 72.0 6.514 18.4 2.0 138.0 6.98 2500.0 1.95 53.0 53.0 52.0 125.6 52.0 3.45 2.725 1558.0 6.42 4.65 0.9 1.8 3.0 28.0 5900.0 14.0 24.06 5833.0 5.0 1.94 0.0 1.4 300.0
3 Mo 56.0 0.91 10220.0 3.47 62.0 0.293 2.6 -308.0 -294.0 200.0 1.46 684.9 56.0 6.0 51.0 2890.0 42.0 3.9 163.0 188.0 28.59584 1.3 -745.0 95.94 49.0 2621.0 62.0 324.8 0.1658 658.1 261.2 52.0 6.82 292.0 2.774 162.0 6.0 3000.0 1.77 129.0 4.45 55.0 4.6 450.0 2.5 617.0 1.558 5.2 2.72 -138.0 20.0 52.0 51.0 5.2 72.0 6.514 18.4 2.0 138.0 6.98 2500.0 1.95 53.0 53.0 52.0 125.6 52.0 3.45 2.725 1558.0 6.42 4.65 0.9 1.8 3.0 28.0 5900.0 14.0 24.06 5833.0 5.0 1.94 0.0 1.4 300.0
4 Mo 56.0 0.91 10220.0 3.47 62.0 0.293 2.6 -308.0 -294.0 200.0 1.46 684.9 56.0 6.0 51.0 2890.0 42.0 3.9 163.0 188.0 28.59584 1.3 -745.0 95.94 49.0 2621.0 62.0 324.8 0.1658 658.1 261.2 52.0 6.82 292.0 2.774 162.0 6.0 3000.0 1.77 129.0 4.45 55.0 4.6 450.0 2.5 617.0 1.558 5.2 2.72 -138.0 20.0 52.0 51.0 5.2 72.0 6.514 18.4 2.0 138.0 6.98 2500.0 1.95 53.0 53.0 52.0 125.6 52.0 3.45 2.725 1558.0 6.42 4.65 0.9 1.8 3.0 28.0 5900.0 14.0 24.06 5833.0 5.0 1.94 0.0 1.4 300.0
5 Mo 56.0 0.91 10220.0 3.47 62.0 0.293 2.6 -308.0 -294.0 200.0 1.46 684.9 56.0 6.0 51.0 2890.0 42.0 3.9 163.0 188.0 28.59584 1.3 -745.0 95.94 49.0 2621.0 62.0 324.8 0.1658 658.1 261.2 52.0 6.82 292.0 2.774 162.0 6.0 3000.0 1.77 129.0 4.45 55.0 4.6 450.0 2.5 617.0 1.558 5.2 2.72 -138.0 20.0 52.0 51.0 5.2 72.0 6.514 18.4 2.0 138.0 6.98 2500.0 1.95 53.0 53.0 52.0 125.6 52.0 3.45 2.725 1558.0 6.42 4.65 0.9 1.8 3.0 28.0 5900.0 14.0 24.06 5833.0 5.0 1.94 0.0 1.4 300.0
6 Mo 56.0 0.91 10220.0 3.47 62.0 0.293 2.6 -308.0 -294.0 200.0 1.46 684.9 56.0 6.0 51.0 2890.0 42.0 3.9 163.0 188.0 28.59584 1.3 -745.0 95.94 49.0 2621.0 62.0 324.8 0.1658 658.1 261.2 52.0 6.82 292.0 2.774 162.0 6.0 3000.0 1.77 129.0 4.45 55.0 4.6 450.0 2.5 617.0 1.558 5.2 2.72 -138.0 20.0 52.0 51.0 5.2 72.0 6.514 18.4 2.0 138.0 6.98 2500.0 1.95 53.0 53.0 52.0 125.6 52.0 3.45 2.725 1558.0 6.42 4.65 0.9 1.8 3.0 28.0 5900.0 14.0 24.06 5833.0 5.0 1.94 0.0 1.4 300.0
7 Mo 56.0 0.91 10220.0 3.47 62.0 0.293 2.6 -308.0 -294.0 200.0 1.46 684.9 56.0 6.0 51.0 2890.0 42.0 3.9 163.0 188.0 28.59584 1.3 -745.0 95.94 49.0 2621.0 62.0 324.8 0.1658 658.1 261.2 52.0 6.82 292.0 2.774 162.0 6.0 3000.0 1.77 129.0 4.45 55.0 4.6 450.0 2.5 617.0 1.558 5.2 2.72 -138.0 20.0 52.0 51.0 5.2 72.0 6.514 18.4 2.0 138.0 6.98 2500.0 1.95 53.0 53.0 52.0 125.6 52.0 3.45 2.725 1558.0 6.42 4.65 0.9 1.8 3.0 28.0 5900.0 14.0 24.06 5833.0 5.0 1.94 0.0 1.4 300.0
8 Mo 56.0 0.91 10220.0 3.47 62.0 0.293 2.6 -308.0 -294.0 200.0 1.46 684.9 56.0 6.0 51.0 2890.0 42.0 3.9 163.0 188.0 28.59584 1.3 -745.0 95.94 49.0 2621.0 62.0 324.8 0.1658 658.1 261.2 52.0 6.82 292.0 2.774 162.0 6.0 3000.0 1.77 129.0 4.45 55.0 4.6 450.0 2.5 617.0 1.558 5.2 2.72 -138.0 20.0 52.0 51.0 5.2 72.0 6.514 18.4 2.0 138.0 6.98 2500.0 1.95 53.0 53.0 52.0 125.6 52.0 3.45 2.725 1558.0 6.42 4.65 0.9 1.8 3.0 28.0 5900.0 14.0 24.06 5833.0 5.0 1.94 0.0 1.4 300.0
9 Mo 56.0 0.91 10220.0 3.47 62.0 0.293 2.6 -308.0 -294.0 200.0 1.46 684.9 56.0 6.0 51.0 2890.0 42.0 3.9 163.0 188.0 28.59584 1.3 -745.0 95.94 49.0 2621.0 62.0 324.8 0.1658 658.1 261.2 52.0 6.82 292.0 2.774 162.0 6.0 3000.0 1.77 129.0 4.45 55.0 4.6 450.0 2.5 617.0 1.558 5.2 2.72 -138.0 20.0 52.0 51.0 5.2 72.0 6.514 18.4 2.0 138.0 6.98 2500.0 1.95 53.0 53.0 52.0 125.6 52.0 3.45 2.725 1558.0 6.42 4.65 0.9 1.8 3.0 28.0 5900.0 14.0 24.06 5833.0 5.0 1.94 0.0 1.4 300.0
10 Mo 56.0 0.91 10220.0 3.47 62.0 0.293 2.6 -308.0 -294.0 200.0 1.46 684.9 56.0 6.0 51.0 2890.0 42.0 3.9 163.0 188.0 28.59584 1.3 -745.0 95.94 49.0 2621.0 62.0 324.8 0.1658 658.1 261.2 52.0 6.82 292.0 2.774 162.0 6.0 3000.0 1.77 129.0 4.45 55.0 4.6 450.0 2.5 617.0 1.558 5.2 2.72 -138.0 20.0 52.0 51.0 5.2 72.0 6.514 18.4 2.0 138.0 6.98 2500.0 1.95 53.0 53.0 52.0 125.6 52.0 3.45 2.725 1558.0 6.42 4.65 0.9 1.8 3.0 28.0 5900.0 14.0 24.06 5833.0 5.0 1.94 0.0 1.4 300.0
11 Mo 56.0 0.91 10220.0 3.47 62.0 0.293 2.6 -308.0 -294.0 200.0 1.46 684.9 56.0 6.0 51.0 2890.0 42.0 3.9 163.0 188.0 28.59584 1.3 -745.0 95.94 49.0 2621.0 62.0 324.8 0.1658 658.1 261.2 52.0 6.82 292.0 2.774 162.0 6.0 3000.0 1.77 129.0 4.45 55.0 4.6 450.0 2.5 617.0 1.558 5.2 2.72 -138.0 20.0 52.0 51.0 5.2 72.0 6.514 18.4 2.0 138.0 6.98 2500.0 1.95 53.0 53.0 52.0 125.6 52.0 3.45 2.725 1558.0 6.42 4.65 0.9 1.8 3.0 28.0 5900.0 14.0 24.06 5833.0 5.0 1.94 0.0 1.4 300.0
12 Cr 57.0 0.474 7190.0 990.0 60.0 0.21 3.1 -183.0 -377.0 120.0 1.33 652.8 57.0 6.0 50.0 2180.0 24.0 3.72 79.8 121.0 23.86476 1.56 -578.0 51.9961 31.0 2987.0 80.0 279.0 0.08983 396.6 160.0 53.0 4.1 1133.0 2.4063 260.0 6.0 2300.0 1.73 118.0 3.74 73.0 4.5 630.0 1.5 349.0 1.2 8.4 2.44 -155.0 7.7 51.0 52.0 12.7 64.3 5.652 31.1 1.4 93.7 5.13 1120.0 1.25 54.0 52.0 53.0 115.3 51.0 3.35 1.901 1592.0 8.33 4.65 0.84 1.6 2.0 21.0 5940.0 14.0 23.35 2945.0 4.0 2.0 0.0 1.36 463.0
13 Mo 56.0 0.91 10220.0 3.47 62.0 0.293 2.6 -308.0 -294.0 200.0 1.46 684.9 56.0 6.0 51.0 2890.0 42.0 3.9 163.0 188.0 28.59584 1.3 -745.0 95.94 49.0 2621.0 62.0 324.8 0.1658 658.1 261.2 52.0 6.82 292.0 2.774 162.0 6.0 3000.0 1.77 129.0 4.45 55.0 4.6 450.0 2.5 617.0 1.558 5.2 2.72 -138.0 20.0 52.0 51.0 5.2 72.0 6.514 18.4 2.0 138.0 6.98 2500.0 1.95 53.0 53.0 52.0 125.6 52.0 3.45 2.725 1558.0 6.42 4.65 0.9 1.8 3.0 28.0 5900.0 14.0 24.06 5833.0 5.0 1.94 0.0 1.4 300.0
14 Mo 56.0 0.91 10220.0 3.47 62.0 0.293 2.6 -308.0 -294.0 200.0 1.46 684.9 56.0 6.0 51.0 2890.0 42.0 3.9 163.0 188.0 28.59584 1.3 -745.0 95.94 49.0 2621.0 62.0 324.8 0.1658 658.1 261.2 52.0 6.82 292.0 2.774 162.0 6.0 3000.0 1.77 129.0 4.45 55.0 4.6 450.0 2.5 617.0 1.558 5.2 2.72 -138.0 20.0 52.0 51.0 5.2 72.0 6.514 18.4 2.0 138.0 6.98 2500.0 1.95 53.0 53.0 52.0 125.6 52.0 3.45 2.725 1558.0 6.42 4.65 0.9 1.8 3.0 28.0 5900.0 14.0 24.06 5833.0 5.0 1.94 0.0 1.4 300.0