3.39934968
0 Ti48 12.0 3.15 45.0 1.051 3.45 472.6 108.4 3637.0 1310.0 2.4004 4140.0 18.8 716.0 0.12409 1.52 21.9 568.0 25.06 2100.0 22.0 658.0 208.0 2.4004 24.2 658.0 420.0 469.9 21.9 3.35 1998.0 30.68924 18.8 377.0 8.7 1.764 2.28 7.6 716.0 22.0 0.361 1.86 571.0 1.81 6.1 150.0 0.49 4540.0 0.787 51.0 42.0
1 Zr0 12.0 3.0 46.0 0.833 3.64 600.0 89.8 4682.0 1267.0 3.9578 3800.0 19.2 981.0 0.23632 1.41 22.7 134.0 26.019 2000.0 40.0 660.0 145.0 3.9578 13.9 660.0 291.0 608.8 22.7 2.8 2127.0 39.149 19.2 265.0 5.7 2.328 2.0 41.1 981.0 40.0 0.38 1.7 419.0 1.96 0.184 170.0 0.00168 6506.0 1.298 49.0 40.0
2 18 14.0 3.3 49.0 1.702 4.0 697.0 170.3 5017.0 1382.0 10.4048 3480.0 30.421 2450.0 0.19256 1.64 53.7 450.0 24.6 2700.0 41.0 663.8 153.0 10.4048 17.1 663.8 275.0 725.9 53.7 7.79 2741.0 36.55076 30.421 284.0 7.3 1.807 6.25 86.2 2450.0 41.0 0.387 2.03 441.0 1.75 1.15 185.0 755.0 8570.0 6.144 53.0 12.5
3 19 14.0 3.3 49.0 1.702 4.0 697.0 170.3 5017.0 1382.0 10.4048 3480.0 30.421 2450.0 0.19256 1.64 53.7 450.0 24.6 2700.0 41.0 663.8 153.0 10.4048 17.1 663.8 275.0 725.9 53.7 7.79 2741.0 36.55076 30.421 284.0 7.3 1.807 6.25 86.2 2450.0 41.0 0.387 2.03 441.0 1.75 1.15 185.0 755.0 8570.0 6.144 53.0 12.5
4 20 14.0 3.3 49.0 1.702 4.0 697.0 170.3 5017.0 1382.0 10.4048 3480.0 30.421 2450.0 0.19256 1.64 53.7 450.0 24.6 2700.0 41.0 663.8 153.0 10.4048 17.1 663.8 275.0 725.9 53.7 7.79 2741.0 36.55076 30.421 284.0 7.3 1.807 6.25 86.2 2450.0 41.0 0.387 2.03 441.0 1.75 1.15 185.0 755.0 8570.0 6.144 53.0 12.5
5 21 14.0 3.3 49.0 1.702 4.0 697.0 170.3 5017.0 1382.0 10.4048 3480.0 30.421 2450.0 0.19256 1.64 53.7 450.0 24.6 2700.0 41.0 663.8 153.0 10.4048 17.1 663.8 275.0 725.9 53.7 7.79 2741.0 36.55076 30.421 284.0 7.3 1.807 6.25 86.2 2450.0 41.0 0.387 2.03 441.0 1.75 1.15 185.0 755.0 8570.0 6.144 53.0 12.5
6 22 14.0 3.3 49.0 1.702 4.0 697.0 170.3 5017.0 1382.0 10.4048 3480.0 30.421 2450.0 0.19256 1.64 53.7 450.0 24.6 2700.0 41.0 663.8 153.0 10.4048 17.1 663.8 275.0 725.9 53.7 7.79 2741.0 36.55076 30.421 284.0 7.3 1.807 6.25 86.2 2450.0 41.0 0.387 2.03 441.0 1.75 1.15 185.0 755.0 8570.0 6.144 53.0 12.5
7 23 14.0 3.3 49.0 1.702 4.0 697.0 170.3 5017.0 1382.0 10.4048 3480.0 30.421 2450.0 0.19256 1.64 53.7 450.0 24.6 2700.0 41.0 663.8 153.0 10.4048 17.1 663.8 275.0 725.9 53.7 7.79 2741.0 36.55076 30.421 284.0 7.3 1.807 6.25 86.2 2450.0 41.0 0.387 2.03 441.0 1.75 1.15 185.0 755.0 8570.0 6.144 53.0 12.5
8 24 14.0 3.3 49.0 1.702 4.0 697.0 170.3 5017.0 1382.0 10.4048 3480.0 30.421 2450.0 0.19256 1.64 53.7 450.0 24.6 2700.0 41.0 663.8 153.0 10.4048 17.1 663.8 275.0 725.9 53.7 7.79 2741.0 36.55076 30.421 284.0 7.3 1.807 6.25 86.2 2450.0 41.0 0.387 2.03 441.0 1.75 1.15 185.0 755.0 8570.0 6.144 53.0 12.5
9 25 14.0 3.3 49.0 1.702 4.0 697.0 170.3 5017.0 1382.0 10.4048 3480.0 30.421 2450.0 0.19256 1.64 53.7 450.0 24.6 2700.0 41.0 663.8 153.0 10.4048 17.1 663.8 275.0 725.9 53.7 7.79 2741.0 36.55076 30.421 284.0 7.3 1.807 6.25 86.2 2450.0 41.0 0.387 2.03 441.0 1.75 1.15 185.0 755.0 8570.0 6.144 53.0 12.5
10 30 14.0 3.3 49.0 1.702 4.0 697.0 170.3 5017.0 1382.0 10.4048 3480.0 30.421 2450.0 0.19256 1.64 53.7 450.0 24.6 2700.0 41.0 663.8 153.0 10.4048 17.1 663.8 275.0 725.9 53.7 7.79 2741.0 36.55076 30.421 284.0 7.3 1.807 6.25 86.2 2450.0 41.0 0.387 2.03 441.0 1.75 1.15 185.0 755.0 8570.0 6.144 53.0 12.5