4.45916832
0 Al48 80.0 3.639 2698.0 2e-06 75.0 0.345 0.233 -363.0 -558.0 63.0 2.01 577.6 79.0 3.0 28.0 933.0 13.0 3.23 152.0 76.0 28.34464 1.47 -838.0 26.982 16.0 2745.0 91.0 70.6 0.09316 326.4 75.2 75.0 3.39 116.0 11.094 48.6 3.0 1160.0 1.39 125.0 4.64 88.0 4.3 428.0 2.5 294.0 1.66 23.2 1.675 -242.0 38.2 73.0 30.0 2.655 44.0 26.057 5.16 1.35 237.0 4.07 343.0 0.3 76.0 74.0 31.0 26.67 29.0 3.5 0.722 1817.0 6.02 4.2 1.25 1.5 3.0 10.5 5100.0 12.0 24.35 2793.0 3.0 1.64 0.0 1.432 93.9
1 0 53.0 6.144 8570.0 755.0 58.0 0.387 1.15 -354.0 -409.0 185.0 1.75 663.8 53.0 5.0 54.0 2741.0 41.0 4.0 441.0 186.0 36.55076 1.23 -951.0 92.906 50.0 2416.0 63.0 104.9 0.19256 725.9 170.3 49.0 7.57 450.0 10.4048 153.0 5.0 2700.0 1.64 134.0 4.89 54.0 4.3 275.0 4.5 697.0 1.807 7.3 2.76 -177.0 6.25 49.0 54.0 12.5 86.2 24.442 17.1 7.79 53.7 6.7 2450.0 1.92 50.0 50.0 55.0 37.5 55.0 3.3 1.702 1382.0 5.56 4.05 0.95 1.6 3.0 30.421 3480.0 14.0 24.6 5017.0 5.0 2.03 0.0 1.468 284.0
2 Hf18 50.0 0.61 13310.0 0.00112 54.0 0.26 104.0 0.0 -557.0 180.0 1.88 675.4 49.0 4.0 58.0 2502.0 72.0 3.8 430.0 171.0 45.6779 1.23 -1113.0 178.49 69.0 2248.0 32.0 141.0 0.46269 619.2 109.0 45.0 6.44 151.0 1.3 159.0 4.0 2150.0 1.45 144.0 5.65 35.0 3.9 252.0 3.5 661.0 2.241 5.9 2.91 0.0 2.5 47.0 56.0 35.1 0.0 3.12 91.7 2.16 23.0 9.16 1800.0 2.97 46.0 48.0 57.0 56.0 59.0 3.15 1.09 1438.0 4.52 3.6 0.97 1.3 4.0 25.941 2780.0 12.0 25.73 5673.0 6.0 1.73 0.0 1.58 286.0
3 19 53.0 6.144 8570.0 755.0 58.0 0.387 1.15 -354.0 -409.0 185.0 1.75 663.8 53.0 5.0 54.0 2741.0 41.0 4.0 441.0 186.0 36.55076 1.23 -951.0 92.906 50.0 2416.0 63.0 104.9 0.19256 725.9 170.3 49.0 7.57 450.0 10.4048 153.0 5.0 2700.0 1.64 134.0 4.89 54.0 4.3 275.0 4.5 697.0 1.807 7.3 2.76 -177.0 6.25 49.0 54.0 12.5 86.2 24.442 17.1 7.79 53.7 6.7 2450.0 1.92 50.0 50.0 55.0 37.5 55.0 3.3 1.702 1382.0 5.56 4.05 0.95 1.6 3.0 30.421 3480.0 14.0 24.6 5017.0 5.0 2.03 0.0 1.468 284.0
4 20 53.0 6.144 8570.0 755.0 58.0 0.387 1.15 -354.0 -409.0 185.0 1.75 663.8 53.0 5.0 54.0 2741.0 41.0 4.0 441.0 186.0 36.55076 1.23 -951.0 92.906 50.0 2416.0 63.0 104.9 0.19256 725.9 170.3 49.0 7.57 450.0 10.4048 153.0 5.0 2700.0 1.64 134.0 4.89 54.0 4.3 275.0 4.5 697.0 1.807 7.3 2.76 -177.0 6.25 49.0 54.0 12.5 86.2 24.442 17.1 7.79 53.7 6.7 2450.0 1.92 50.0 50.0 55.0 37.5 55.0 3.3 1.702 1382.0 5.56 4.05 0.95 1.6 3.0 30.421 3480.0 14.0 24.6 5017.0 5.0 2.03 0.0 1.468 284.0
5 21 53.0 6.144 8570.0 755.0 58.0 0.387 1.15 -354.0 -409.0 185.0 1.75 663.8 53.0 5.0 54.0 2741.0 41.0 4.0 441.0 186.0 36.55076 1.23 -951.0 92.906 50.0 2416.0 63.0 104.9 0.19256 725.9 170.3 49.0 7.57 450.0 10.4048 153.0 5.0 2700.0 1.64 134.0 4.89 54.0 4.3 275.0 4.5 697.0 1.807 7.3 2.76 -177.0 6.25 49.0 54.0 12.5 86.2 24.442 17.1 7.79 53.7 6.7 2450.0 1.92 50.0 50.0 55.0 37.5 55.0 3.3 1.702 1382.0 5.56 4.05 0.95 1.6 3.0 30.421 3480.0 14.0 24.6 5017.0 5.0 2.03 0.0 1.468 284.0
6 22 53.0 6.144 8570.0 755.0 58.0 0.387 1.15 -354.0 -409.0 185.0 1.75 663.8 53.0 5.0 54.0 2741.0 41.0 4.0 441.0 186.0 36.55076 1.23 -951.0 92.906 50.0 2416.0 63.0 104.9 0.19256 725.9 170.3 49.0 7.57 450.0 10.4048 153.0 5.0 2700.0 1.64 134.0 4.89 54.0 4.3 275.0 4.5 697.0 1.807 7.3 2.76 -177.0 6.25 49.0 54.0 12.5 86.2 24.442 17.1 7.79 53.7 6.7 2450.0 1.92 50.0 50.0 55.0 37.5 55.0 3.3 1.702 1382.0 5.56 4.05 0.95 1.6 3.0 30.421 3480.0 14.0 24.6 5017.0 5.0 2.03 0.0 1.468 284.0
7 23 53.0 6.144 8570.0 755.0 58.0 0.387 1.15 -354.0 -409.0 185.0 1.75 663.8 53.0 5.0 54.0 2741.0 41.0 4.0 441.0 186.0 36.55076 1.23 -951.0 92.906 50.0 2416.0 63.0 104.9 0.19256 725.9 170.3 49.0 7.57 450.0 10.4048 153.0 5.0 2700.0 1.64 134.0 4.89 54.0 4.3 275.0 4.5 697.0 1.807 7.3 2.76 -177.0 6.25 49.0 54.0 12.5 86.2 24.442 17.1 7.79 53.7 6.7 2450.0 1.92 50.0 50.0 55.0 37.5 55.0 3.3 1.702 1382.0 5.56 4.05 0.95 1.6 3.0 30.421 3480.0 14.0 24.6 5017.0 5.0 2.03 0.0 1.468 284.0
8 24 53.0 6.144 8570.0 755.0 58.0 0.387 1.15 -354.0 -409.0 185.0 1.75 663.8 53.0 5.0 54.0 2741.0 41.0 4.0 441.0 186.0 36.55076 1.23 -951.0 92.906 50.0 2416.0 63.0 104.9 0.19256 725.9 170.3 49.0 7.57 450.0 10.4048 153.0 5.0 2700.0 1.64 134.0 4.89 54.0 4.3 275.0 4.5 697.0 1.807 7.3 2.76 -177.0 6.25 49.0 54.0 12.5 86.2 24.442 17.1 7.79 53.7 6.7 2450.0 1.92 50.0 50.0 55.0 37.5 55.0 3.3 1.702 1382.0 5.56 4.05 0.95 1.6 3.0 30.421 3480.0 14.0 24.6 5017.0 5.0 2.03 0.0 1.468 284.0
9 25 53.0 6.144 8570.0 755.0 58.0 0.387 1.15 -354.0 -409.0 185.0 1.75 663.8 53.0 5.0 54.0 2741.0 41.0 4.0 441.0 186.0 36.55076 1.23 -951.0 92.906 50.0 2416.0 63.0 104.9 0.19256 725.9 170.3 49.0 7.57 450.0 10.4048 153.0 5.0 2700.0 1.64 134.0 4.89 54.0 4.3 275.0 4.5 697.0 1.807 7.3 2.76 -177.0 6.25 49.0 54.0 12.5 86.2 24.442 17.1 7.79 53.7 6.7 2450.0 1.92 50.0 50.0 55.0 37.5 55.0 3.3 1.702 1382.0 5.56 4.05 0.95 1.6 3.0 30.421 3480.0 14.0 24.6 5017.0 5.0 2.03 0.0 1.468 284.0
10 30 53.0 6.144 8570.0 755.0 58.0 0.387 1.15 -354.0 -409.0 185.0 1.75 663.8 53.0 5.0 54.0 2741.0 41.0 4.0 441.0 186.0 36.55076 1.23 -951.0 92.906 50.0 2416.0 63.0 104.9 0.19256 725.9 170.3 49.0 7.57 450.0 10.4048 153.0 5.0 2700.0 1.64 134.0 4.89 54.0 4.3 275.0 4.5 697.0 1.807 7.3 2.76 -177.0 6.25 49.0 54.0 12.5 86.2 24.442 17.1 7.79 53.7 6.7 2450.0 1.92 50.0 50.0 55.0 37.5 55.0 3.3 1.702 1382.0 5.56 4.05 0.95 1.6 3.0 30.421 3480.0 14.0 24.6 5017.0 5.0 2.03 0.0 1.468 284.0