0.8039434200000137
0 0 57.0 0.474 7190.0 990.0 60.0 0.21 3.1 -183.0 -377.0 120.0 1.33 652.8 57.0 6.0 50.0 2180.0 24.0 3.72 79.8 121.0 23.86476 1.56 -578.0 51.9961 31.0 2987.0 80.0 279.0 0.08983 396.6 160.0 53.0 4.1 1133.0 2.4063 260.0 6.0 2300.0 1.73 118.0 3.74 73.0 4.5 630.0 1.5 349.0 1.2 8.4 2.44 -155.0 7.7 51.0 52.0 12.7 64.3 5.652 31.1 1.4 93.7 5.13 1120.0 1.25 54.0 52.0 53.0 115.3 51.0 3.35 1.901 1592.0 8.33 4.65 0.84 1.6 2.0 21.0 5940.0 14.0 23.35 2945.0 4.0 2.0 0.0 1.36 463.0
1 1 53.0 6.144 8570.0 755.0 58.0 0.387 1.15 -354.0 -409.0 185.0 1.75 663.8 53.0 5.0 54.0 2741.0 41.0 4.0 441.0 186.0 36.55076 1.23 -951.0 92.906 50.0 2416.0 63.0 104.9 0.19256 725.9 170.3 49.0 7.57 450.0 10.4048 153.0 5.0 2700.0 1.64 134.0 4.89 54.0 4.3 275.0 4.5 697.0 1.807 7.3 2.76 -177.0 6.25 49.0 54.0 12.5 86.2 24.442 17.1 7.79 53.7 6.7 2450.0 1.92 50.0 50.0 55.0 37.5 55.0 3.3 1.702 1382.0 5.56 4.05 0.95 1.6 3.0 30.421 3480.0 14.0 24.6 5017.0 5.0 2.03 0.0 1.468 284.0
2 2 53.0 6.144 8570.0 755.0 58.0 0.387 1.15 -354.0 -409.0 185.0 1.75 663.8 53.0 5.0 54.0 2741.0 41.0 4.0 441.0 186.0 36.55076 1.23 -951.0 92.906 50.0 2416.0 63.0 104.9 0.19256 725.9 170.3 49.0 7.57 450.0 10.4048 153.0 5.0 2700.0 1.64 134.0 4.89 54.0 4.3 275.0 4.5 697.0 1.807 7.3 2.76 -177.0 6.25 49.0 54.0 12.5 86.2 24.442 17.1 7.79 53.7 6.7 2450.0 1.92 50.0 50.0 55.0 37.5 55.0 3.3 1.702 1382.0 5.56 4.05 0.95 1.6 3.0 30.421 3480.0 14.0 24.6 5017.0 5.0 2.03 0.0 1.468 284.0
3 3 53.0 6.144 8570.0 755.0 58.0 0.387 1.15 -354.0 -409.0 185.0 1.75 663.8 53.0 5.0 54.0 2741.0 41.0 4.0 441.0 186.0 36.55076 1.23 -951.0 92.906 50.0 2416.0 63.0 104.9 0.19256 725.9 170.3 49.0 7.57 450.0 10.4048 153.0 5.0 2700.0 1.64 134.0 4.89 54.0 4.3 275.0 4.5 697.0 1.807 7.3 2.76 -177.0 6.25 49.0 54.0 12.5 86.2 24.442 17.1 7.79 53.7 6.7 2450.0 1.92 50.0 50.0 55.0 37.5 55.0 3.3 1.702 1382.0 5.56 4.05 0.95 1.6 3.0 30.421 3480.0 14.0 24.6 5017.0 5.0 2.03 0.0 1.468 284.0
4 4 53.0 6.144 8570.0 755.0 58.0 0.387 1.15 -354.0 -409.0 185.0 1.75 663.8 53.0 5.0 54.0 2741.0 41.0 4.0 441.0 186.0 36.55076 1.23 -951.0 92.906 50.0 2416.0 63.0 104.9 0.19256 725.9 170.3 49.0 7.57 450.0 10.4048 153.0 5.0 2700.0 1.64 134.0 4.89 54.0 4.3 275.0 4.5 697.0 1.807 7.3 2.76 -177.0 6.25 49.0 54.0 12.5 86.2 24.442 17.1 7.79 53.7 6.7 2450.0 1.92 50.0 50.0 55.0 37.5 55.0 3.3 1.702 1382.0 5.56 4.05 0.95 1.6 3.0 30.421 3480.0 14.0 24.6 5017.0 5.0 2.03 0.0 1.468 284.0
5 5 53.0 6.144 8570.0 755.0 58.0 0.387 1.15 -354.0 -409.0 185.0 1.75 663.8 53.0 5.0 54.0 2741.0 41.0 4.0 441.0 186.0 36.55076 1.23 -951.0 92.906 50.0 2416.0 63.0 104.9 0.19256 725.9 170.3 49.0 7.57 450.0 10.4048 153.0 5.0 2700.0 1.64 134.0 4.89 54.0 4.3 275.0 4.5 697.0 1.807 7.3 2.76 -177.0 6.25 49.0 54.0 12.5 86.2 24.442 17.1 7.79 53.7 6.7 2450.0 1.92 50.0 50.0 55.0 37.5 55.0 3.3 1.702 1382.0 5.56 4.05 0.95 1.6 3.0 30.421 3480.0 14.0 24.6 5017.0 5.0 2.03 0.0 1.468 284.0
6 6 53.0 6.144 8570.0 755.0 58.0 0.387 1.15 -354.0 -409.0 185.0 1.75 663.8 53.0 5.0 54.0 2741.0 41.0 4.0 441.0 186.0 36.55076 1.23 -951.0 92.906 50.0 2416.0 63.0 104.9 0.19256 725.9 170.3 49.0 7.57 450.0 10.4048 153.0 5.0 2700.0 1.64 134.0 4.89 54.0 4.3 275.0 4.5 697.0 1.807 7.3 2.76 -177.0 6.25 49.0 54.0 12.5 86.2 24.442 17.1 7.79 53.7 6.7 2450.0 1.92 50.0 50.0 55.0 37.5 55.0 3.3 1.702 1382.0 5.56 4.05 0.95 1.6 3.0 30.421 3480.0 14.0 24.6 5017.0 5.0 2.03 0.0 1.468 284.0
7 7 53.0 6.144 8570.0 755.0 58.0 0.387 1.15 -354.0 -409.0 185.0 1.75 663.8 53.0 5.0 54.0 2741.0 41.0 4.0 441.0 186.0 36.55076 1.23 -951.0 92.906 50.0 2416.0 63.0 104.9 0.19256 725.9 170.3 49.0 7.57 450.0 10.4048 153.0 5.0 2700.0 1.64 134.0 4.89 54.0 4.3 275.0 4.5 697.0 1.807 7.3 2.76 -177.0 6.25 49.0 54.0 12.5 86.2 24.442 17.1 7.79 53.7 6.7 2450.0 1.92 50.0 50.0 55.0 37.5 55.0 3.3 1.702 1382.0 5.56 4.05 0.95 1.6 3.0 30.421 3480.0 14.0 24.6 5017.0 5.0 2.03 0.0 1.468 284.0
8 8 53.0 6.144 8570.0 755.0 58.0 0.387 1.15 -354.0 -409.0 185.0 1.75 663.8 53.0 5.0 54.0 2741.0 41.0 4.0 441.0 186.0 36.55076 1.23 -951.0 92.906 50.0 2416.0 63.0 104.9 0.19256 725.9 170.3 49.0 7.57 450.0 10.4048 153.0 5.0 2700.0 1.64 134.0 4.89 54.0 4.3 275.0 4.5 697.0 1.807 7.3 2.76 -177.0 6.25 49.0 54.0 12.5 86.2 24.442 17.1 7.79 53.7 6.7 2450.0 1.92 50.0 50.0 55.0 37.5 55.0 3.3 1.702 1382.0 5.56 4.05 0.95 1.6 3.0 30.421 3480.0 14.0 24.6 5017.0 5.0 2.03 0.0 1.468 284.0
9 9 54.0 5.139 6110.0 3.06 59.0 0.365 5.06 -483.0 -431.0 155.0 1.61 650.3 54.0 5.0 53.0 2200.0 23.0 3.6 68.4 147.0 29.64 1.45 -779.0 50.942 32.0 2828.0 81.0 127.6 0.1056 514.2 158.0 50.0 5.31 497.0 11.1922 233.0 5.0 2550.0 1.64 122.0 4.12 72.0 4.3 397.2 3.5 459.7 1.392 8.2 2.43 -322.0 5.5 48.0 55.0 24.8 50.7 26.289 27.5 9.26 30.7 4.98 628.0 1.2 51.0 49.0 56.0 46.7 54.0 3.3 1.619 1414.0 7.22 4.25 0.86 1.6 2.0 17.5 4560.0 14.0 24.89 3694.0 4.0 2.22 0.0 1.346 419.0
10 10 53.0 6.144 8570.0 755.0 58.0 0.387 1.15 -354.0 -409.0 185.0 1.75 663.8 53.0 5.0 54.0 2741.0 41.0 4.0 441.0 186.0 36.55076 1.23 -951.0 92.906 50.0 2416.0 63.0 104.9 0.19256 725.9 170.3 49.0 7.57 450.0 10.4048 153.0 5.0 2700.0 1.64 134.0 4.89 54.0 4.3 275.0 4.5 697.0 1.807 7.3 2.76 -177.0 6.25 49.0 54.0 12.5 86.2 24.442 17.1 7.79 53.7 6.7 2450.0 1.92 50.0 50.0 55.0 37.5 55.0 3.3 1.702 1382.0 5.56 4.05 0.95 1.6 3.0 30.421 3480.0 14.0 24.6 5017.0 5.0 2.03 0.0 1.468 284.0
11 11 53.0 6.144 8570.0 755.0 58.0 0.387 1.15 -354.0 -409.0 185.0 1.75 663.8 53.0 5.0 54.0 2741.0 41.0 4.0 441.0 186.0 36.55076 1.23 -951.0 92.906 50.0 2416.0 63.0 104.9 0.19256 725.9 170.3 49.0 7.57 450.0 10.4048 153.0 5.0 2700.0 1.64 134.0 4.89 54.0 4.3 275.0 4.5 697.0 1.807 7.3 2.76 -177.0 6.25 49.0 54.0 12.5 86.2 24.442 17.1 7.79 53.7 6.7 2450.0 1.92 50.0 50.0 55.0 37.5 55.0 3.3 1.702 1382.0 5.56 4.05 0.95 1.6 3.0 30.421 3480.0 14.0 24.6 5017.0 5.0 2.03 0.0 1.468 284.0
12 12 53.0 6.144 8570.0 755.0 58.0 0.387 1.15 -354.0 -409.0 185.0 1.75 663.8 53.0 5.0 54.0 2741.0 41.0 4.0 441.0 186.0 36.55076 1.23 -951.0 92.906 50.0 2416.0 63.0 104.9 0.19256 725.9 170.3 49.0 7.57 450.0 10.4048 153.0 5.0 2700.0 1.64 134.0 4.89 54.0 4.3 275.0 4.5 697.0 1.807 7.3 2.76 -177.0 6.25 49.0 54.0 12.5 86.2 24.442 17.1 7.79 53.7 6.7 2450.0 1.92 50.0 50.0 55.0 37.5 55.0 3.3 1.702 1382.0 5.56 4.05 0.95 1.6 3.0 30.421 3480.0 14.0 24.6 5017.0 5.0 2.03 0.0 1.468 284.0
13 13 53.0 6.144 8570.0 755.0 58.0 0.387 1.15 -354.0 -409.0 185.0 1.75 663.8 53.0 5.0 54.0 2741.0 41.0 4.0 441.0 186.0 36.55076 1.23 -951.0 92.906 50.0 2416.0 63.0 104.9 0.19256 725.9 170.3 49.0 7.57 450.0 10.4048 153.0 5.0 2700.0 1.64 134.0 4.89 54.0 4.3 275.0 4.5 697.0 1.807 7.3 2.76 -177.0 6.25 49.0 54.0 12.5 86.2 24.442 17.1 7.79 53.7 6.7 2450.0 1.92 50.0 50.0 55.0 37.5 55.0 3.3 1.702 1382.0 5.56 4.05 0.95 1.6 3.0 30.421 3480.0 14.0 24.6 5017.0 5.0 2.03 0.0 1.468 284.0
14 14 53.0 6.144 8570.0 755.0 58.0 0.387 1.15 -354.0 -409.0 185.0 1.75 663.8 53.0 5.0 54.0 2741.0 41.0 4.0 441.0 186.0 36.55076 1.23 -951.0 92.906 50.0 2416.0 63.0 104.9 0.19256 725.9 170.3 49.0 7.57 450.0 10.4048 153.0 5.0 2700.0 1.64 134.0 4.89 54.0 4.3 275.0 4.5 697.0 1.807 7.3 2.76 -177.0 6.25 49.0 54.0 12.5 86.2 24.442 17.1 7.79 53.7 6.7 2450.0 1.92 50.0 50.0 55.0 37.5 55.0 3.3 1.702 1382.0 5.56 4.05 0.95 1.6 3.0 30.421 3480.0 14.0 24.6 5017.0 5.0 2.03 0.0 1.468 284.0