3.92293341
0 Al43 12.0 3.5 73.0 0.722 3.23 294.0 75.2 2793.0 1817.0 11.094 5100.0 10.5 343.0 0.09316 1.39 237.0 116.0 24.35 1160.0 13.0 577.6 48.6 11.094 5.16 577.6 428.0 326.4 237.0 1.35 933.0 28.34464 10.5 93.9 23.2 1.66 38.2 44.0 343.0 13.0 0.345 1.64 152.0 2.01 0.233 63.0 2e-06 2698.0 3.639 80.0 2.655
1 0 14.0 3.3 49.0 1.702 4.0 697.0 170.3 5017.0 1382.0 10.4048 3480.0 30.421 2450.0 0.19256 1.64 53.7 450.0 24.6 2700.0 41.0 663.8 153.0 10.4048 17.1 663.8 275.0 725.9 53.7 7.79 2741.0 36.55076 30.421 284.0 7.3 1.807 6.25 86.2 2450.0 41.0 0.387 2.03 441.0 1.75 1.15 185.0 755.0 8570.0 6.144 53.0 12.5
2 10 14.0 3.3 49.0 1.702 4.0 697.0 170.3 5017.0 1382.0 10.4048 3480.0 30.421 2450.0 0.19256 1.64 53.7 450.0 24.6 2700.0 41.0 663.8 153.0 10.4048 17.1 663.8 275.0 725.9 53.7 7.79 2741.0 36.55076 30.421 284.0 7.3 1.807 6.25 86.2 2450.0 41.0 0.387 2.03 441.0 1.75 1.15 185.0 755.0 8570.0 6.144 53.0 12.5
3 13 14.0 3.3 49.0 1.702 4.0 697.0 170.3 5017.0 1382.0 10.4048 3480.0 30.421 2450.0 0.19256 1.64 53.7 450.0 24.6 2700.0 41.0 663.8 153.0 10.4048 17.1 663.8 275.0 725.9 53.7 7.79 2741.0 36.55076 30.421 284.0 7.3 1.807 6.25 86.2 2450.0 41.0 0.387 2.03 441.0 1.75 1.15 185.0 755.0 8570.0 6.144 53.0 12.5
4 17 14.0 3.3 49.0 1.702 4.0 697.0 170.3 5017.0 1382.0 10.4048 3480.0 30.421 2450.0 0.19256 1.64 53.7 450.0 24.6 2700.0 41.0 663.8 153.0 10.4048 17.1 663.8 275.0 725.9 53.7 7.79 2741.0 36.55076 30.421 284.0 7.3 1.807 6.25 86.2 2450.0 41.0 0.387 2.03 441.0 1.75 1.15 185.0 755.0 8570.0 6.144 53.0 12.5
5 18 14.0 3.3 49.0 1.702 4.0 697.0 170.3 5017.0 1382.0 10.4048 3480.0 30.421 2450.0 0.19256 1.64 53.7 450.0 24.6 2700.0 41.0 663.8 153.0 10.4048 17.1 663.8 275.0 725.9 53.7 7.79 2741.0 36.55076 30.421 284.0 7.3 1.807 6.25 86.2 2450.0 41.0 0.387 2.03 441.0 1.75 1.15 185.0 755.0 8570.0 6.144 53.0 12.5
6 Cr21 14.0 3.35 51.0 1.901 3.72 349.0 160.0 2945.0 1592.0 2.4063 5940.0 21.0 1120.0 0.08983 1.73 93.7 1133.0 23.35 2300.0 24.0 652.8 260.0 2.4063 31.1 652.8 630.0 396.6 93.7 1.4 2180.0 23.86476 21.0 463.0 8.4 1.2 7.7 64.3 1120.0 24.0 0.21 2.0 79.8 1.33 3.1 120.0 990.0 7190.0 0.474 57.0 12.7
7 20 14.0 3.3 49.0 1.702 4.0 697.0 170.3 5017.0 1382.0 10.4048 3480.0 30.421 2450.0 0.19256 1.64 53.7 450.0 24.6 2700.0 41.0 663.8 153.0 10.4048 17.1 663.8 275.0 725.9 53.7 7.79 2741.0 36.55076 30.421 284.0 7.3 1.807 6.25 86.2 2450.0 41.0 0.387 2.03 441.0 1.75 1.15 185.0 755.0 8570.0 6.144 53.0 12.5
8 12 14.0 3.3 49.0 1.702 4.0 697.0 170.3 5017.0 1382.0 10.4048 3480.0 30.421 2450.0 0.19256 1.64 53.7 450.0 24.6 2700.0 41.0 663.8 153.0 10.4048 17.1 663.8 275.0 725.9 53.7 7.79 2741.0 36.55076 30.421 284.0 7.3 1.807 6.25 86.2 2450.0 41.0 0.387 2.03 441.0 1.75 1.15 185.0 755.0 8570.0 6.144 53.0 12.5
9 41 4.0 4.15 78.0 0.988 4.77 383.3 0.0 3538.0 1577.0 8.458 2200.0 50.6 0.0 0.07269 1.5 148.0 157.0 20.0 1250.0 14.0 786.5 60.6 8.458 6.44 786.5 645.0 455.6 148.0 0.0 1683.0 18.9662 50.6 117.0 4.2 2.002 0.0 133.6 0.0 14.0 0.42 1.98 189.0 1.91 171.0 60.0 477.0 2329.0 0.555 85.0 100000.0