5.27602499
0 Al43 12.0 3.5 73.0 0.722 3.23 294.0 75.2 2793.0 1817.0 11.094 5100.0 10.5 343.0 0.09316 1.39 237.0 116.0 24.35 1160.0 13.0 577.6 48.6 11.094 5.16 577.6 428.0 326.4 237.0 1.35 933.0 28.34464 10.5 93.9 23.2 1.66 38.2 44.0 343.0 13.0 0.345 1.64 152.0 2.01 0.233 63.0 2e-06 2698.0 3.639 80.0 2.655
1 0 14.0 3.3 49.0 1.702 4.0 697.0 170.3 5017.0 1382.0 10.4048 3480.0 30.421 2450.0 0.19256 1.64 53.7 450.0 24.6 2700.0 41.0 663.8 153.0 10.4048 17.1 663.8 275.0 725.9 53.7 7.79 2741.0 36.55076 30.421 284.0 7.3 1.807 6.25 86.2 2450.0 41.0 0.387 2.03 441.0 1.75 1.15 185.0 755.0 8570.0 6.144 53.0 12.5
2 10 14.0 3.3 49.0 1.702 4.0 697.0 170.3 5017.0 1382.0 10.4048 3480.0 30.421 2450.0 0.19256 1.64 53.7 450.0 24.6 2700.0 41.0 663.8 153.0 10.4048 17.1 663.8 275.0 725.9 53.7 7.79 2741.0 36.55076 30.421 284.0 7.3 1.807 6.25 86.2 2450.0 41.0 0.387 2.03 441.0 1.75 1.15 185.0 755.0 8570.0 6.144 53.0 12.5
3 13 14.0 3.3 49.0 1.702 4.0 697.0 170.3 5017.0 1382.0 10.4048 3480.0 30.421 2450.0 0.19256 1.64 53.7 450.0 24.6 2700.0 41.0 663.8 153.0 10.4048 17.1 663.8 275.0 725.9 53.7 7.79 2741.0 36.55076 30.421 284.0 7.3 1.807 6.25 86.2 2450.0 41.0 0.387 2.03 441.0 1.75 1.15 185.0 755.0 8570.0 6.144 53.0 12.5
4 Hf17 12.0 3.15 47.0 1.09 3.8 661.0 109.0 5673.0 1438.0 1.3 2780.0 25.941 1800.0 0.46269 1.45 23.0 151.0 25.73 2150.0 72.0 675.4 159.0 1.3 91.7 675.4 252.0 619.2 23.0 2.16 2502.0 45.6779 25.941 286.0 5.9 2.241 2.5 0.0 1800.0 72.0 0.26 1.73 430.0 1.88 104.0 180.0 0.00112 13310.0 0.61 50.0 35.1
5 18 14.0 3.3 49.0 1.702 4.0 697.0 170.3 5017.0 1382.0 10.4048 3480.0 30.421 2450.0 0.19256 1.64 53.7 450.0 24.6 2700.0 41.0 663.8 153.0 10.4048 17.1 663.8 275.0 725.9 53.7 7.79 2741.0 36.55076 30.421 284.0 7.3 1.807 6.25 86.2 2450.0 41.0 0.387 2.03 441.0 1.75 1.15 185.0 755.0 8570.0 6.144 53.0 12.5
6 21 14.0 3.3 49.0 1.702 4.0 697.0 170.3 5017.0 1382.0 10.4048 3480.0 30.421 2450.0 0.19256 1.64 53.7 450.0 24.6 2700.0 41.0 663.8 153.0 10.4048 17.1 663.8 275.0 725.9 53.7 7.79 2741.0 36.55076 30.421 284.0 7.3 1.807 6.25 86.2 2450.0 41.0 0.387 2.03 441.0 1.75 1.15 185.0 755.0 8570.0 6.144 53.0 12.5
7 20 14.0 3.3 49.0 1.702 4.0 697.0 170.3 5017.0 1382.0 10.4048 3480.0 30.421 2450.0 0.19256 1.64 53.7 450.0 24.6 2700.0 41.0 663.8 153.0 10.4048 17.1 663.8 275.0 725.9 53.7 7.79 2741.0 36.55076 30.421 284.0 7.3 1.807 6.25 86.2 2450.0 41.0 0.387 2.03 441.0 1.75 1.15 185.0 755.0 8570.0 6.144 53.0 12.5
8 12 14.0 3.3 49.0 1.702 4.0 697.0 170.3 5017.0 1382.0 10.4048 3480.0 30.421 2450.0 0.19256 1.64 53.7 450.0 24.6 2700.0 41.0 663.8 153.0 10.4048 17.1 663.8 275.0 725.9 53.7 7.79 2741.0 36.55076 30.421 284.0 7.3 1.807 6.25 86.2 2450.0 41.0 0.387 2.03 441.0 1.75 1.15 185.0 755.0 8570.0 6.144 53.0 12.5
9 41 4.0 4.15 78.0 0.988 4.77 383.3 0.0 3538.0 1577.0 8.458 2200.0 50.6 0.0 0.07269 1.5 148.0 157.0 20.0 1250.0 14.0 786.5 60.6 8.458 6.44 786.5 645.0 455.6 148.0 0.0 1683.0 18.9662 50.6 117.0 4.2 2.002 0.0 133.6 0.0 14.0 0.42 1.98 189.0 1.91 171.0 60.0 477.0 2329.0 0.555 85.0 100000.0