0.881040720000006
0 Al 80.0 3.639 2698.0 2e-06 75.0 0.345 0.233 -363.0 -558.0 63.0 2.01 577.6 79.0 3.0 28.0 933.0 13.0 3.23 152.0 76.0 28.34464 1.47 -838.0 26.982 16.0 2745.0 91.0 70.6 0.09316 326.4 75.2 75.0 3.39 116.0 11.094 48.6 3.0 1160.0 1.39 125.0 4.64 88.0 4.3 428.0 2.5 294.0 1.66 23.2 1.675 -242.0 38.2 73.0 30.0 2.655 44.0 26.057 5.16 1.35 237.0 4.07 343.0 0.3 76.0 74.0 31.0 26.67 29.0 3.5 0.722 1817.0 6.02 4.2 1.25 1.5 3.0 10.5 5100.0 12.0 24.35 2793.0 3.0 1.64 0.0 1.432 93.9
1 Mo 56.0 0.91 10220.0 3.47 62.0 0.293 2.6 -308.0 -294.0 200.0 1.46 684.9 56.0 6.0 51.0 2890.0 42.0 3.9 163.0 188.0 28.59584 1.3 -745.0 95.94 49.0 2621.0 62.0 324.8 0.1658 658.1 261.2 52.0 6.82 292.0 2.774 162.0 6.0 3000.0 1.77 129.0 4.45 55.0 4.6 450.0 2.5 617.0 1.558 5.2 2.72 -138.0 20.0 52.0 51.0 5.2 72.0 6.514 18.4 2.0 138.0 6.98 2500.0 1.95 53.0 53.0 52.0 125.6 52.0 3.45 2.725 1558.0 6.42 4.65 0.9 1.8 3.0 28.0 5900.0 14.0 24.06 5833.0 5.0 1.94 0.0 1.4 300.0
2 Mo 56.0 0.91 10220.0 3.47 62.0 0.293 2.6 -308.0 -294.0 200.0 1.46 684.9 56.0 6.0 51.0 2890.0 42.0 3.9 163.0 188.0 28.59584 1.3 -745.0 95.94 49.0 2621.0 62.0 324.8 0.1658 658.1 261.2 52.0 6.82 292.0 2.774 162.0 6.0 3000.0 1.77 129.0 4.45 55.0 4.6 450.0 2.5 617.0 1.558 5.2 2.72 -138.0 20.0 52.0 51.0 5.2 72.0 6.514 18.4 2.0 138.0 6.98 2500.0 1.95 53.0 53.0 52.0 125.6 52.0 3.45 2.725 1558.0 6.42 4.65 0.9 1.8 3.0 28.0 5900.0 14.0 24.06 5833.0 5.0 1.94 0.0 1.4 300.0
3 Mo 56.0 0.91 10220.0 3.47 62.0 0.293 2.6 -308.0 -294.0 200.0 1.46 684.9 56.0 6.0 51.0 2890.0 42.0 3.9 163.0 188.0 28.59584 1.3 -745.0 95.94 49.0 2621.0 62.0 324.8 0.1658 658.1 261.2 52.0 6.82 292.0 2.774 162.0 6.0 3000.0 1.77 129.0 4.45 55.0 4.6 450.0 2.5 617.0 1.558 5.2 2.72 -138.0 20.0 52.0 51.0 5.2 72.0 6.514 18.4 2.0 138.0 6.98 2500.0 1.95 53.0 53.0 52.0 125.6 52.0 3.45 2.725 1558.0 6.42 4.65 0.9 1.8 3.0 28.0 5900.0 14.0 24.06 5833.0 5.0 1.94 0.0 1.4 300.0
4 Mo 56.0 0.91 10220.0 3.47 62.0 0.293 2.6 -308.0 -294.0 200.0 1.46 684.9 56.0 6.0 51.0 2890.0 42.0 3.9 163.0 188.0 28.59584 1.3 -745.0 95.94 49.0 2621.0 62.0 324.8 0.1658 658.1 261.2 52.0 6.82 292.0 2.774 162.0 6.0 3000.0 1.77 129.0 4.45 55.0 4.6 450.0 2.5 617.0 1.558 5.2 2.72 -138.0 20.0 52.0 51.0 5.2 72.0 6.514 18.4 2.0 138.0 6.98 2500.0 1.95 53.0 53.0 52.0 125.6 52.0 3.45 2.725 1558.0 6.42 4.65 0.9 1.8 3.0 28.0 5900.0 14.0 24.06 5833.0 5.0 1.94 0.0 1.4 300.0
5 Mo 56.0 0.91 10220.0 3.47 62.0 0.293 2.6 -308.0 -294.0 200.0 1.46 684.9 56.0 6.0 51.0 2890.0 42.0 3.9 163.0 188.0 28.59584 1.3 -745.0 95.94 49.0 2621.0 62.0 324.8 0.1658 658.1 261.2 52.0 6.82 292.0 2.774 162.0 6.0 3000.0 1.77 129.0 4.45 55.0 4.6 450.0 2.5 617.0 1.558 5.2 2.72 -138.0 20.0 52.0 51.0 5.2 72.0 6.514 18.4 2.0 138.0 6.98 2500.0 1.95 53.0 53.0 52.0 125.6 52.0 3.45 2.725 1558.0 6.42 4.65 0.9 1.8 3.0 28.0 5900.0 14.0 24.06 5833.0 5.0 1.94 0.0 1.4 300.0
6 Mo 56.0 0.91 10220.0 3.47 62.0 0.293 2.6 -308.0 -294.0 200.0 1.46 684.9 56.0 6.0 51.0 2890.0 42.0 3.9 163.0 188.0 28.59584 1.3 -745.0 95.94 49.0 2621.0 62.0 324.8 0.1658 658.1 261.2 52.0 6.82 292.0 2.774 162.0 6.0 3000.0 1.77 129.0 4.45 55.0 4.6 450.0 2.5 617.0 1.558 5.2 2.72 -138.0 20.0 52.0 51.0 5.2 72.0 6.514 18.4 2.0 138.0 6.98 2500.0 1.95 53.0 53.0 52.0 125.6 52.0 3.45 2.725 1558.0 6.42 4.65 0.9 1.8 3.0 28.0 5900.0 14.0 24.06 5833.0 5.0 1.94 0.0 1.4 300.0
7 Co 64.0 4.639 8900.0 175.0 69.0 0.32 37.2 -153.0 -239.0 135.0 1.14 758.4 66.0 9.0 41.0 1768.0 27.0 4.3 125.0 127.0 30.06122 1.7 -302.0 58.933 28.0 3232.0 77.0 211.0 0.30539 424.7 181.5 62.0 4.39 920.0 10.072 313.0 9.0 2550.0 1.75 116.0 3.55 76.0 5.0 445.0 3.5 390.0 1.108 13.1 2.02 -106.0 15.4 60.0 43.0 6.24 63.8 23.614 42.5 4.73 100.0 5.58 2750.0 1.37 63.0 61.0 44.0 82.0 42.0 3.9 1.914 1646.0 8.97 5.1 0.71 1.9 2.0 16.3 4720.0 12.0 24.81 3203.0 4.0 1.72 0.0 1.252 76.8
8 Mo 56.0 0.91 10220.0 3.47 62.0 0.293 2.6 -308.0 -294.0 200.0 1.46 684.9 56.0 6.0 51.0 2890.0 42.0 3.9 163.0 188.0 28.59584 1.3 -745.0 95.94 49.0 2621.0 62.0 324.8 0.1658 658.1 261.2 52.0 6.82 292.0 2.774 162.0 6.0 3000.0 1.77 129.0 4.45 55.0 4.6 450.0 2.5 617.0 1.558 5.2 2.72 -138.0 20.0 52.0 51.0 5.2 72.0 6.514 18.4 2.0 138.0 6.98 2500.0 1.95 53.0 53.0 52.0 125.6 52.0 3.45 2.725 1558.0 6.42 4.65 0.9 1.8 3.0 28.0 5900.0 14.0 24.06 5833.0 5.0 1.94 0.0 1.4 300.0
9 Mo 56.0 0.91 10220.0 3.47 62.0 0.293 2.6 -308.0 -294.0 200.0 1.46 684.9 56.0 6.0 51.0 2890.0 42.0 3.9 163.0 188.0 28.59584 1.3 -745.0 95.94 49.0 2621.0 62.0 324.8 0.1658 658.1 261.2 52.0 6.82 292.0 2.774 162.0 6.0 3000.0 1.77 129.0 4.45 55.0 4.6 450.0 2.5 617.0 1.558 5.2 2.72 -138.0 20.0 52.0 51.0 5.2 72.0 6.514 18.4 2.0 138.0 6.98 2500.0 1.95 53.0 53.0 52.0 125.6 52.0 3.45 2.725 1558.0 6.42 4.65 0.9 1.8 3.0 28.0 5900.0 14.0 24.06 5833.0 5.0 1.94 0.0 1.4 300.0
10 Mo 56.0 0.91 10220.0 3.47 62.0 0.293 2.6 -308.0 -294.0 200.0 1.46 684.9 56.0 6.0 51.0 2890.0 42.0 3.9 163.0 188.0 28.59584 1.3 -745.0 95.94 49.0 2621.0 62.0 324.8 0.1658 658.1 261.2 52.0 6.82 292.0 2.774 162.0 6.0 3000.0 1.77 129.0 4.45 55.0 4.6 450.0 2.5 617.0 1.558 5.2 2.72 -138.0 20.0 52.0 51.0 5.2 72.0 6.514 18.4 2.0 138.0 6.98 2500.0 1.95 53.0 53.0 52.0 125.6 52.0 3.45 2.725 1558.0 6.42 4.65 0.9 1.8 3.0 28.0 5900.0 14.0 24.06 5833.0 5.0 1.94 0.0 1.4 300.0
11 Mo 56.0 0.91 10220.0 3.47 62.0 0.293 2.6 -308.0 -294.0 200.0 1.46 684.9 56.0 6.0 51.0 2890.0 42.0 3.9 163.0 188.0 28.59584 1.3 -745.0 95.94 49.0 2621.0 62.0 324.8 0.1658 658.1 261.2 52.0 6.82 292.0 2.774 162.0 6.0 3000.0 1.77 129.0 4.45 55.0 4.6 450.0 2.5 617.0 1.558 5.2 2.72 -138.0 20.0 52.0 51.0 5.2 72.0 6.514 18.4 2.0 138.0 6.98 2500.0 1.95 53.0 53.0 52.0 125.6 52.0 3.45 2.725 1558.0 6.42 4.65 0.9 1.8 3.0 28.0 5900.0 14.0 24.06 5833.0 5.0 1.94 0.0 1.4 300.0
12 Mo 56.0 0.91 10220.0 3.47 62.0 0.293 2.6 -308.0 -294.0 200.0 1.46 684.9 56.0 6.0 51.0 2890.0 42.0 3.9 163.0 188.0 28.59584 1.3 -745.0 95.94 49.0 2621.0 62.0 324.8 0.1658 658.1 261.2 52.0 6.82 292.0 2.774 162.0 6.0 3000.0 1.77 129.0 4.45 55.0 4.6 450.0 2.5 617.0 1.558 5.2 2.72 -138.0 20.0 52.0 51.0 5.2 72.0 6.514 18.4 2.0 138.0 6.98 2500.0 1.95 53.0 53.0 52.0 125.6 52.0 3.45 2.725 1558.0 6.42 4.65 0.9 1.8 3.0 28.0 5900.0 14.0 24.06 5833.0 5.0 1.94 0.0 1.4 300.0