-0.626478810000025
0 Al 80.0 3.639 2698.0 2e-06 75.0 0.345 0.233 -363.0 -558.0 63.0 2.01 577.6 79.0 3.0 28.0 933.0 13.0 3.23 152.0 76.0 28.34464 1.47 -838.0 26.982 16.0 2745.0 91.0 70.6 0.09316 326.4 75.2 75.0 3.39 116.0 11.094 48.6 3.0 1160.0 1.39 125.0 4.64 88.0 4.3 428.0 2.5 294.0 1.66 23.2 1.675 -242.0 38.2 73.0 30.0 2.655 44.0 26.057 5.16 1.35 237.0 4.07 343.0 0.3 76.0 74.0 31.0 26.67 29.0 3.5 0.722 1817.0 6.02 4.2 1.25 1.5 3.0 10.5 5100.0 12.0 24.35 2793.0 3.0 1.64 0.0 1.432 93.9
1 Mo 56.0 0.91 10220.0 3.47 62.0 0.293 2.6 -308.0 -294.0 200.0 1.46 684.9 56.0 6.0 51.0 2890.0 42.0 3.9 163.0 188.0 28.59584 1.3 -745.0 95.94 49.0 2621.0 62.0 324.8 0.1658 658.1 261.2 52.0 6.82 292.0 2.774 162.0 6.0 3000.0 1.77 129.0 4.45 55.0 4.6 450.0 2.5 617.0 1.558 5.2 2.72 -138.0 20.0 52.0 51.0 5.2 72.0 6.514 18.4 2.0 138.0 6.98 2500.0 1.95 53.0 53.0 52.0 125.6 52.0 3.45 2.725 1558.0 6.42 4.65 0.9 1.8 3.0 28.0 5900.0 14.0 24.06 5833.0 5.0 1.94 0.0 1.4 300.0
2 Ta 52.0 2.34 16654.0 0.776 57.0 0.342 20.5 -376.0 -409.0 225.0 1.7 761.3 52.0 5.0 55.0 3273.0 73.0 4.11 444.0 217.0 41.556 1.33 -1023.0 180.948 68.0 2123.0 31.0 185.7 0.37488 782.0 196.3 48.0 8.1 613.0 5.096 166.0 5.0 3150.0 1.63 134.0 4.89 36.0 4.1 240.0 3.5 781.0 1.801 6.3 2.79 -177.0 7.15 50.0 53.0 12.45 14.0 11.97 95.4 5.9 57.5 9.53 3430.0 3.0 49.0 51.0 54.0 69.2 56.0 3.3 2.0 1563.0 5.55 4.05 0.95 1.5 3.0 24.7 3400.0 14.0 25.36 5833.0 6.0 1.94 0.0 1.467 297.0
3 Mo 56.0 0.91 10220.0 3.47 62.0 0.293 2.6 -308.0 -294.0 200.0 1.46 684.9 56.0 6.0 51.0 2890.0 42.0 3.9 163.0 188.0 28.59584 1.3 -745.0 95.94 49.0 2621.0 62.0 324.8 0.1658 658.1 261.2 52.0 6.82 292.0 2.774 162.0 6.0 3000.0 1.77 129.0 4.45 55.0 4.6 450.0 2.5 617.0 1.558 5.2 2.72 -138.0 20.0 52.0 51.0 5.2 72.0 6.514 18.4 2.0 138.0 6.98 2500.0 1.95 53.0 53.0 52.0 125.6 52.0 3.45 2.725 1558.0 6.42 4.65 0.9 1.8 3.0 28.0 5900.0 14.0 24.06 5833.0 5.0 1.94 0.0 1.4 300.0
4 Mo 56.0 0.91 10220.0 3.47 62.0 0.293 2.6 -308.0 -294.0 200.0 1.46 684.9 56.0 6.0 51.0 2890.0 42.0 3.9 163.0 188.0 28.59584 1.3 -745.0 95.94 49.0 2621.0 62.0 324.8 0.1658 658.1 261.2 52.0 6.82 292.0 2.774 162.0 6.0 3000.0 1.77 129.0 4.45 55.0 4.6 450.0 2.5 617.0 1.558 5.2 2.72 -138.0 20.0 52.0 51.0 5.2 72.0 6.514 18.4 2.0 138.0 6.98 2500.0 1.95 53.0 53.0 52.0 125.6 52.0 3.45 2.725 1558.0 6.42 4.65 0.9 1.8 3.0 28.0 5900.0 14.0 24.06 5833.0 5.0 1.94 0.0 1.4 300.0
5 Mo 56.0 0.91 10220.0 3.47 62.0 0.293 2.6 -308.0 -294.0 200.0 1.46 684.9 56.0 6.0 51.0 2890.0 42.0 3.9 163.0 188.0 28.59584 1.3 -745.0 95.94 49.0 2621.0 62.0 324.8 0.1658 658.1 261.2 52.0 6.82 292.0 2.774 162.0 6.0 3000.0 1.77 129.0 4.45 55.0 4.6 450.0 2.5 617.0 1.558 5.2 2.72 -138.0 20.0 52.0 51.0 5.2 72.0 6.514 18.4 2.0 138.0 6.98 2500.0 1.95 53.0 53.0 52.0 125.6 52.0 3.45 2.725 1558.0 6.42 4.65 0.9 1.8 3.0 28.0 5900.0 14.0 24.06 5833.0 5.0 1.94 0.0 1.4 300.0
6 Mo 56.0 0.91 10220.0 3.47 62.0 0.293 2.6 -308.0 -294.0 200.0 1.46 684.9 56.0 6.0 51.0 2890.0 42.0 3.9 163.0 188.0 28.59584 1.3 -745.0 95.94 49.0 2621.0 62.0 324.8 0.1658 658.1 261.2 52.0 6.82 292.0 2.774 162.0 6.0 3000.0 1.77 129.0 4.45 55.0 4.6 450.0 2.5 617.0 1.558 5.2 2.72 -138.0 20.0 52.0 51.0 5.2 72.0 6.514 18.4 2.0 138.0 6.98 2500.0 1.95 53.0 53.0 52.0 125.6 52.0 3.45 2.725 1558.0 6.42 4.65 0.9 1.8 3.0 28.0 5900.0 14.0 24.06 5833.0 5.0 1.94 0.0 1.4 300.0
7 Mo 56.0 0.91 10220.0 3.47 62.0 0.293 2.6 -308.0 -294.0 200.0 1.46 684.9 56.0 6.0 51.0 2890.0 42.0 3.9 163.0 188.0 28.59584 1.3 -745.0 95.94 49.0 2621.0 62.0 324.8 0.1658 658.1 261.2 52.0 6.82 292.0 2.774 162.0 6.0 3000.0 1.77 129.0 4.45 55.0 4.6 450.0 2.5 617.0 1.558 5.2 2.72 -138.0 20.0 52.0 51.0 5.2 72.0 6.514 18.4 2.0 138.0 6.98 2500.0 1.95 53.0 53.0 52.0 125.6 52.0 3.45 2.725 1558.0 6.42 4.65 0.9 1.8 3.0 28.0 5900.0 14.0 24.06 5833.0 5.0 1.94 0.0 1.4 300.0
8 Mo 56.0 0.91 10220.0 3.47 62.0 0.293 2.6 -308.0 -294.0 200.0 1.46 684.9 56.0 6.0 51.0 2890.0 42.0 3.9 163.0 188.0 28.59584 1.3 -745.0 95.94 49.0 2621.0 62.0 324.8 0.1658 658.1 261.2 52.0 6.82 292.0 2.774 162.0 6.0 3000.0 1.77 129.0 4.45 55.0 4.6 450.0 2.5 617.0 1.558 5.2 2.72 -138.0 20.0 52.0 51.0 5.2 72.0 6.514 18.4 2.0 138.0 6.98 2500.0 1.95 53.0 53.0 52.0 125.6 52.0 3.45 2.725 1558.0 6.42 4.65 0.9 1.8 3.0 28.0 5900.0 14.0 24.06 5833.0 5.0 1.94 0.0 1.4 300.0
9 Mo 56.0 0.91 10220.0 3.47 62.0 0.293 2.6 -308.0 -294.0 200.0 1.46 684.9 56.0 6.0 51.0 2890.0 42.0 3.9 163.0 188.0 28.59584 1.3 -745.0 95.94 49.0 2621.0 62.0 324.8 0.1658 658.1 261.2 52.0 6.82 292.0 2.774 162.0 6.0 3000.0 1.77 129.0 4.45 55.0 4.6 450.0 2.5 617.0 1.558 5.2 2.72 -138.0 20.0 52.0 51.0 5.2 72.0 6.514 18.4 2.0 138.0 6.98 2500.0 1.95 53.0 53.0 52.0 125.6 52.0 3.45 2.725 1558.0 6.42 4.65 0.9 1.8 3.0 28.0 5900.0 14.0 24.06 5833.0 5.0 1.94 0.0 1.4 300.0
10 Mo 56.0 0.91 10220.0 3.47 62.0 0.293 2.6 -308.0 -294.0 200.0 1.46 684.9 56.0 6.0 51.0 2890.0 42.0 3.9 163.0 188.0 28.59584 1.3 -745.0 95.94 49.0 2621.0 62.0 324.8 0.1658 658.1 261.2 52.0 6.82 292.0 2.774 162.0 6.0 3000.0 1.77 129.0 4.45 55.0 4.6 450.0 2.5 617.0 1.558 5.2 2.72 -138.0 20.0 52.0 51.0 5.2 72.0 6.514 18.4 2.0 138.0 6.98 2500.0 1.95 53.0 53.0 52.0 125.6 52.0 3.45 2.725 1558.0 6.42 4.65 0.9 1.8 3.0 28.0 5900.0 14.0 24.06 5833.0 5.0 1.94 0.0 1.4 300.0
11 Mo 56.0 0.91 10220.0 3.47 62.0 0.293 2.6 -308.0 -294.0 200.0 1.46 684.9 56.0 6.0 51.0 2890.0 42.0 3.9 163.0 188.0 28.59584 1.3 -745.0 95.94 49.0 2621.0 62.0 324.8 0.1658 658.1 261.2 52.0 6.82 292.0 2.774 162.0 6.0 3000.0 1.77 129.0 4.45 55.0 4.6 450.0 2.5 617.0 1.558 5.2 2.72 -138.0 20.0 52.0 51.0 5.2 72.0 6.514 18.4 2.0 138.0 6.98 2500.0 1.95 53.0 53.0 52.0 125.6 52.0 3.45 2.725 1558.0 6.42 4.65 0.9 1.8 3.0 28.0 5900.0 14.0 24.06 5833.0 5.0 1.94 0.0 1.4 300.0
12 Mo 56.0 0.91 10220.0 3.47 62.0 0.293 2.6 -308.0 -294.0 200.0 1.46 684.9 56.0 6.0 51.0 2890.0 42.0 3.9 163.0 188.0 28.59584 1.3 -745.0 95.94 49.0 2621.0 62.0 324.8 0.1658 658.1 261.2 52.0 6.82 292.0 2.774 162.0 6.0 3000.0 1.77 129.0 4.45 55.0 4.6 450.0 2.5 617.0 1.558 5.2 2.72 -138.0 20.0 52.0 51.0 5.2 72.0 6.514 18.4 2.0 138.0 6.98 2500.0 1.95 53.0 53.0 52.0 125.6 52.0 3.45 2.725 1558.0 6.42 4.65 0.9 1.8 3.0 28.0 5900.0 14.0 24.06 5833.0 5.0 1.94 0.0 1.4 300.0