1.06621330000001
0 Ni 67.0 0.746 8902.0 237.0 72.0 0.312 37.2 -135.0 -241.0 130.0 2.9 736.7 69.0 10.0 38.0 1726.0 28.0 4.4 144.0 121.0 29.89375 1.75 -241.0 58.6934 27.0 3393.0 76.0 199.5 0.30409 429.7 177.3 65.0 4.44 505.0 3.8048 45.7 10.0 2450.0 1.75 115.0 3.52 77.0 5.1 450.0 1.5 379.0 1.093 13.5 2.18 -108.0 13.3 63.0 40.0 6.84 156.0 8.936 46.6 7.02 90.7 5.71 981.0 1.41 66.0 64.0 41.0 76.0 39.0 4.05 1.86 1753.0 9.14 5.2 1.13 1.9 2.0 17.2 4970.0 12.0 26.07 3263.0 4.0 1.76 0.0 1.246 88.6
1 Mo 56.0 0.91 10220.0 3.47 62.0 0.293 2.6 -308.0 -294.0 200.0 1.46 684.9 56.0 6.0 51.0 2890.0 42.0 3.9 163.0 188.0 28.59584 1.3 -745.0 95.94 49.0 2621.0 62.0 324.8 0.1658 658.1 261.2 52.0 6.82 292.0 2.774 162.0 6.0 3000.0 1.77 129.0 4.45 55.0 4.6 450.0 2.5 617.0 1.558 5.2 2.72 -138.0 20.0 52.0 51.0 5.2 72.0 6.514 18.4 2.0 138.0 6.98 2500.0 1.95 53.0 53.0 52.0 125.6 52.0 3.45 2.725 1558.0 6.42 4.65 0.9 1.8 3.0 28.0 5900.0 14.0 24.06 5833.0 5.0 1.94 0.0 1.4 300.0
2 Mo 56.0 0.91 10220.0 3.47 62.0 0.293 2.6 -308.0 -294.0 200.0 1.46 684.9 56.0 6.0 51.0 2890.0 42.0 3.9 163.0 188.0 28.59584 1.3 -745.0 95.94 49.0 2621.0 62.0 324.8 0.1658 658.1 261.2 52.0 6.82 292.0 2.774 162.0 6.0 3000.0 1.77 129.0 4.45 55.0 4.6 450.0 2.5 617.0 1.558 5.2 2.72 -138.0 20.0 52.0 51.0 5.2 72.0 6.514 18.4 2.0 138.0 6.98 2500.0 1.95 53.0 53.0 52.0 125.6 52.0 3.45 2.725 1558.0 6.42 4.65 0.9 1.8 3.0 28.0 5900.0 14.0 24.06 5833.0 5.0 1.94 0.0 1.4 300.0
3 Mo 56.0 0.91 10220.0 3.47 62.0 0.293 2.6 -308.0 -294.0 200.0 1.46 684.9 56.0 6.0 51.0 2890.0 42.0 3.9 163.0 188.0 28.59584 1.3 -745.0 95.94 49.0 2621.0 62.0 324.8 0.1658 658.1 261.2 52.0 6.82 292.0 2.774 162.0 6.0 3000.0 1.77 129.0 4.45 55.0 4.6 450.0 2.5 617.0 1.558 5.2 2.72 -138.0 20.0 52.0 51.0 5.2 72.0 6.514 18.4 2.0 138.0 6.98 2500.0 1.95 53.0 53.0 52.0 125.6 52.0 3.45 2.725 1558.0 6.42 4.65 0.9 1.8 3.0 28.0 5900.0 14.0 24.06 5833.0 5.0 1.94 0.0 1.4 300.0
4 Mo 56.0 0.91 10220.0 3.47 62.0 0.293 2.6 -308.0 -294.0 200.0 1.46 684.9 56.0 6.0 51.0 2890.0 42.0 3.9 163.0 188.0 28.59584 1.3 -745.0 95.94 49.0 2621.0 62.0 324.8 0.1658 658.1 261.2 52.0 6.82 292.0 2.774 162.0 6.0 3000.0 1.77 129.0 4.45 55.0 4.6 450.0 2.5 617.0 1.558 5.2 2.72 -138.0 20.0 52.0 51.0 5.2 72.0 6.514 18.4 2.0 138.0 6.98 2500.0 1.95 53.0 53.0 52.0 125.6 52.0 3.45 2.725 1558.0 6.42 4.65 0.9 1.8 3.0 28.0 5900.0 14.0 24.06 5833.0 5.0 1.94 0.0 1.4 300.0
5 Mo 56.0 0.91 10220.0 3.47 62.0 0.293 2.6 -308.0 -294.0 200.0 1.46 684.9 56.0 6.0 51.0 2890.0 42.0 3.9 163.0 188.0 28.59584 1.3 -745.0 95.94 49.0 2621.0 62.0 324.8 0.1658 658.1 261.2 52.0 6.82 292.0 2.774 162.0 6.0 3000.0 1.77 129.0 4.45 55.0 4.6 450.0 2.5 617.0 1.558 5.2 2.72 -138.0 20.0 52.0 51.0 5.2 72.0 6.514 18.4 2.0 138.0 6.98 2500.0 1.95 53.0 53.0 52.0 125.6 52.0 3.45 2.725 1558.0 6.42 4.65 0.9 1.8 3.0 28.0 5900.0 14.0 24.06 5833.0 5.0 1.94 0.0 1.4 300.0
6 Re 58.0 3.176 21020.0 3.29 64.0 0.26 90.0 -225.0 -216.0 230.0 1.36 760.3 58.0 7.0 49.0 3458.0 75.0 4.02 473.0 217.0 37.22065 1.46 -624.0 186.207 66.0 2509.0 29.0 466.0 0.27581 769.9 334.0 54.0 8.03 283.0 9.684 179.0 7.0 3600.0 1.85 128.0 4.28 38.0 5.0 430.0 2.5 707.0 1.47 6.2 2.68 -90.0 5.0 56.0 47.0 19.3 14.0 22.513 103.0 2.3 47.9 10.12 1320.0 3.06 55.0 57.0 48.0 181.0 50.0 3.6 3.72 1602.0 6.8 5.2 0.83 1.9 4.0 34.0 4700.0 12.0 25.48 5903.0 6.0 2.06 0.0 1.375 319.0
7 Mo 56.0 0.91 10220.0 3.47 62.0 0.293 2.6 -308.0 -294.0 200.0 1.46 684.9 56.0 6.0 51.0 2890.0 42.0 3.9 163.0 188.0 28.59584 1.3 -745.0 95.94 49.0 2621.0 62.0 324.8 0.1658 658.1 261.2 52.0 6.82 292.0 2.774 162.0 6.0 3000.0 1.77 129.0 4.45 55.0 4.6 450.0 2.5 617.0 1.558 5.2 2.72 -138.0 20.0 52.0 51.0 5.2 72.0 6.514 18.4 2.0 138.0 6.98 2500.0 1.95 53.0 53.0 52.0 125.6 52.0 3.45 2.725 1558.0 6.42 4.65 0.9 1.8 3.0 28.0 5900.0 14.0 24.06 5833.0 5.0 1.94 0.0 1.4 300.0
8 Mo 56.0 0.91 10220.0 3.47 62.0 0.293 2.6 -308.0 -294.0 200.0 1.46 684.9 56.0 6.0 51.0 2890.0 42.0 3.9 163.0 188.0 28.59584 1.3 -745.0 95.94 49.0 2621.0 62.0 324.8 0.1658 658.1 261.2 52.0 6.82 292.0 2.774 162.0 6.0 3000.0 1.77 129.0 4.45 55.0 4.6 450.0 2.5 617.0 1.558 5.2 2.72 -138.0 20.0 52.0 51.0 5.2 72.0 6.514 18.4 2.0 138.0 6.98 2500.0 1.95 53.0 53.0 52.0 125.6 52.0 3.45 2.725 1558.0 6.42 4.65 0.9 1.8 3.0 28.0 5900.0 14.0 24.06 5833.0 5.0 1.94 0.0 1.4 300.0
9 Mo 56.0 0.91 10220.0 3.47 62.0 0.293 2.6 -308.0 -294.0 200.0 1.46 684.9 56.0 6.0 51.0 2890.0 42.0 3.9 163.0 188.0 28.59584 1.3 -745.0 95.94 49.0 2621.0 62.0 324.8 0.1658 658.1 261.2 52.0 6.82 292.0 2.774 162.0 6.0 3000.0 1.77 129.0 4.45 55.0 4.6 450.0 2.5 617.0 1.558 5.2 2.72 -138.0 20.0 52.0 51.0 5.2 72.0 6.514 18.4 2.0 138.0 6.98 2500.0 1.95 53.0 53.0 52.0 125.6 52.0 3.45 2.725 1558.0 6.42 4.65 0.9 1.8 3.0 28.0 5900.0 14.0 24.06 5833.0 5.0 1.94 0.0 1.4 300.0
10 Mo 56.0 0.91 10220.0 3.47 62.0 0.293 2.6 -308.0 -294.0 200.0 1.46 684.9 56.0 6.0 51.0 2890.0 42.0 3.9 163.0 188.0 28.59584 1.3 -745.0 95.94 49.0 2621.0 62.0 324.8 0.1658 658.1 261.2 52.0 6.82 292.0 2.774 162.0 6.0 3000.0 1.77 129.0 4.45 55.0 4.6 450.0 2.5 617.0 1.558 5.2 2.72 -138.0 20.0 52.0 51.0 5.2 72.0 6.514 18.4 2.0 138.0 6.98 2500.0 1.95 53.0 53.0 52.0 125.6 52.0 3.45 2.725 1558.0 6.42 4.65 0.9 1.8 3.0 28.0 5900.0 14.0 24.06 5833.0 5.0 1.94 0.0 1.4 300.0
11 Mo 56.0 0.91 10220.0 3.47 62.0 0.293 2.6 -308.0 -294.0 200.0 1.46 684.9 56.0 6.0 51.0 2890.0 42.0 3.9 163.0 188.0 28.59584 1.3 -745.0 95.94 49.0 2621.0 62.0 324.8 0.1658 658.1 261.2 52.0 6.82 292.0 2.774 162.0 6.0 3000.0 1.77 129.0 4.45 55.0 4.6 450.0 2.5 617.0 1.558 5.2 2.72 -138.0 20.0 52.0 51.0 5.2 72.0 6.514 18.4 2.0 138.0 6.98 2500.0 1.95 53.0 53.0 52.0 125.6 52.0 3.45 2.725 1558.0 6.42 4.65 0.9 1.8 3.0 28.0 5900.0 14.0 24.06 5833.0 5.0 1.94 0.0 1.4 300.0
12 Mo 56.0 0.91 10220.0 3.47 62.0 0.293 2.6 -308.0 -294.0 200.0 1.46 684.9 56.0 6.0 51.0 2890.0 42.0 3.9 163.0 188.0 28.59584 1.3 -745.0 95.94 49.0 2621.0 62.0 324.8 0.1658 658.1 261.2 52.0 6.82 292.0 2.774 162.0 6.0 3000.0 1.77 129.0 4.45 55.0 4.6 450.0 2.5 617.0 1.558 5.2 2.72 -138.0 20.0 52.0 51.0 5.2 72.0 6.514 18.4 2.0 138.0 6.98 2500.0 1.95 53.0 53.0 52.0 125.6 52.0 3.45 2.725 1558.0 6.42 4.65 0.9 1.8 3.0 28.0 5900.0 14.0 24.06 5833.0 5.0 1.94 0.0 1.4 300.0