1.28476848
0 V 54.0 5.139 6110.0 3.06 59.0 0.365 5.06 -483.0 -431.0 155.0 1.61 650.3 54.0 5.0 53.0 2200.0 23.0 3.6 68.4 147.0 29.64 1.45 -779.0 50.942 32.0 2828.0 81.0 127.6 0.1056 514.2 158.0 50.0 5.31 497.0 11.1922 233.0 5.0 2550.0 1.64 122.0 4.12 72.0 4.3 397.2 3.5 459.7 1.392 8.2 2.43 -322.0 5.5 48.0 55.0 24.8 50.7 26.289 27.5 9.26 30.7 4.98 628.0 1.2 51.0 49.0 56.0 46.7 54.0 3.3 1.619 1414.0 7.22 4.25 0.86 1.6 2.0 17.5 4560.0 14.0 24.89 3694.0 4.0 2.22 0.0 1.346 419.0
1 Mo 56.0 0.91 10220.0 3.47 62.0 0.293 2.6 -308.0 -294.0 200.0 1.46 684.9 56.0 6.0 51.0 2890.0 42.0 3.9 163.0 188.0 28.59584 1.3 -745.0 95.94 49.0 2621.0 62.0 324.8 0.1658 658.1 261.2 52.0 6.82 292.0 2.774 162.0 6.0 3000.0 1.77 129.0 4.45 55.0 4.6 450.0 2.5 617.0 1.558 5.2 2.72 -138.0 20.0 52.0 51.0 5.2 72.0 6.514 18.4 2.0 138.0 6.98 2500.0 1.95 53.0 53.0 52.0 125.6 52.0 3.45 2.725 1558.0 6.42 4.65 0.9 1.8 3.0 28.0 5900.0 14.0 24.06 5833.0 5.0 1.94 0.0 1.4 300.0
2 Mo 56.0 0.91 10220.0 3.47 62.0 0.293 2.6 -308.0 -294.0 200.0 1.46 684.9 56.0 6.0 51.0 2890.0 42.0 3.9 163.0 188.0 28.59584 1.3 -745.0 95.94 49.0 2621.0 62.0 324.8 0.1658 658.1 261.2 52.0 6.82 292.0 2.774 162.0 6.0 3000.0 1.77 129.0 4.45 55.0 4.6 450.0 2.5 617.0 1.558 5.2 2.72 -138.0 20.0 52.0 51.0 5.2 72.0 6.514 18.4 2.0 138.0 6.98 2500.0 1.95 53.0 53.0 52.0 125.6 52.0 3.45 2.725 1558.0 6.42 4.65 0.9 1.8 3.0 28.0 5900.0 14.0 24.06 5833.0 5.0 1.94 0.0 1.4 300.0
3 Mo 56.0 0.91 10220.0 3.47 62.0 0.293 2.6 -308.0 -294.0 200.0 1.46 684.9 56.0 6.0 51.0 2890.0 42.0 3.9 163.0 188.0 28.59584 1.3 -745.0 95.94 49.0 2621.0 62.0 324.8 0.1658 658.1 261.2 52.0 6.82 292.0 2.774 162.0 6.0 3000.0 1.77 129.0 4.45 55.0 4.6 450.0 2.5 617.0 1.558 5.2 2.72 -138.0 20.0 52.0 51.0 5.2 72.0 6.514 18.4 2.0 138.0 6.98 2500.0 1.95 53.0 53.0 52.0 125.6 52.0 3.45 2.725 1558.0 6.42 4.65 0.9 1.8 3.0 28.0 5900.0 14.0 24.06 5833.0 5.0 1.94 0.0 1.4 300.0
4 Mo 56.0 0.91 10220.0 3.47 62.0 0.293 2.6 -308.0 -294.0 200.0 1.46 684.9 56.0 6.0 51.0 2890.0 42.0 3.9 163.0 188.0 28.59584 1.3 -745.0 95.94 49.0 2621.0 62.0 324.8 0.1658 658.1 261.2 52.0 6.82 292.0 2.774 162.0 6.0 3000.0 1.77 129.0 4.45 55.0 4.6 450.0 2.5 617.0 1.558 5.2 2.72 -138.0 20.0 52.0 51.0 5.2 72.0 6.514 18.4 2.0 138.0 6.98 2500.0 1.95 53.0 53.0 52.0 125.6 52.0 3.45 2.725 1558.0 6.42 4.65 0.9 1.8 3.0 28.0 5900.0 14.0 24.06 5833.0 5.0 1.94 0.0 1.4 300.0
5 Mo 56.0 0.91 10220.0 3.47 62.0 0.293 2.6 -308.0 -294.0 200.0 1.46 684.9 56.0 6.0 51.0 2890.0 42.0 3.9 163.0 188.0 28.59584 1.3 -745.0 95.94 49.0 2621.0 62.0 324.8 0.1658 658.1 261.2 52.0 6.82 292.0 2.774 162.0 6.0 3000.0 1.77 129.0 4.45 55.0 4.6 450.0 2.5 617.0 1.558 5.2 2.72 -138.0 20.0 52.0 51.0 5.2 72.0 6.514 18.4 2.0 138.0 6.98 2500.0 1.95 53.0 53.0 52.0 125.6 52.0 3.45 2.725 1558.0 6.42 4.65 0.9 1.8 3.0 28.0 5900.0 14.0 24.06 5833.0 5.0 1.94 0.0 1.4 300.0
6 Mo 56.0 0.91 10220.0 3.47 62.0 0.293 2.6 -308.0 -294.0 200.0 1.46 684.9 56.0 6.0 51.0 2890.0 42.0 3.9 163.0 188.0 28.59584 1.3 -745.0 95.94 49.0 2621.0 62.0 324.8 0.1658 658.1 261.2 52.0 6.82 292.0 2.774 162.0 6.0 3000.0 1.77 129.0 4.45 55.0 4.6 450.0 2.5 617.0 1.558 5.2 2.72 -138.0 20.0 52.0 51.0 5.2 72.0 6.514 18.4 2.0 138.0 6.98 2500.0 1.95 53.0 53.0 52.0 125.6 52.0 3.45 2.725 1558.0 6.42 4.65 0.9 1.8 3.0 28.0 5900.0 14.0 24.06 5833.0 5.0 1.94 0.0 1.4 300.0
7 Mo 56.0 0.91 10220.0 3.47 62.0 0.293 2.6 -308.0 -294.0 200.0 1.46 684.9 56.0 6.0 51.0 2890.0 42.0 3.9 163.0 188.0 28.59584 1.3 -745.0 95.94 49.0 2621.0 62.0 324.8 0.1658 658.1 261.2 52.0 6.82 292.0 2.774 162.0 6.0 3000.0 1.77 129.0 4.45 55.0 4.6 450.0 2.5 617.0 1.558 5.2 2.72 -138.0 20.0 52.0 51.0 5.2 72.0 6.514 18.4 2.0 138.0 6.98 2500.0 1.95 53.0 53.0 52.0 125.6 52.0 3.45 2.725 1558.0 6.42 4.65 0.9 1.8 3.0 28.0 5900.0 14.0 24.06 5833.0 5.0 1.94 0.0 1.4 300.0
8 Mo 56.0 0.91 10220.0 3.47 62.0 0.293 2.6 -308.0 -294.0 200.0 1.46 684.9 56.0 6.0 51.0 2890.0 42.0 3.9 163.0 188.0 28.59584 1.3 -745.0 95.94 49.0 2621.0 62.0 324.8 0.1658 658.1 261.2 52.0 6.82 292.0 2.774 162.0 6.0 3000.0 1.77 129.0 4.45 55.0 4.6 450.0 2.5 617.0 1.558 5.2 2.72 -138.0 20.0 52.0 51.0 5.2 72.0 6.514 18.4 2.0 138.0 6.98 2500.0 1.95 53.0 53.0 52.0 125.6 52.0 3.45 2.725 1558.0 6.42 4.65 0.9 1.8 3.0 28.0 5900.0 14.0 24.06 5833.0 5.0 1.94 0.0 1.4 300.0
9 Y 25.0 0.137 4469.0 5.31 24.0 0.265 1.28 -482.0 -635.0 125.0 2.42 615.6 48.0 3.0 88.0 1796.0 39.0 3.19 396.0 116.0 46.0548 1.11 -953.0 88.906 52.0 1980.0 65.0 66.3 0.30715 423.3 0.0 15.0 4.37 98.0 2.086 134.0 3.0 1125.0 1.21 162.0 7.34 52.0 3.1 280.0 0.5 393.0 3.318 11.3 2.94 -482.0 1.54 14.0 89.0 57.0 29.6 4.899 100.0 10.2 17.2 6.26 589.0 1.84 16.0 15.0 90.0 25.5 89.0 3.0 0.366 1181.0 3.02 3.2 1.22 1.2 3.0 11.5 3300.0 12.0 26.53 3618.0 5.0 1.41 0.0 1.801 252.0
10 Mo 56.0 0.91 10220.0 3.47 62.0 0.293 2.6 -308.0 -294.0 200.0 1.46 684.9 56.0 6.0 51.0 2890.0 42.0 3.9 163.0 188.0 28.59584 1.3 -745.0 95.94 49.0 2621.0 62.0 324.8 0.1658 658.1 261.2 52.0 6.82 292.0 2.774 162.0 6.0 3000.0 1.77 129.0 4.45 55.0 4.6 450.0 2.5 617.0 1.558 5.2 2.72 -138.0 20.0 52.0 51.0 5.2 72.0 6.514 18.4 2.0 138.0 6.98 2500.0 1.95 53.0 53.0 52.0 125.6 52.0 3.45 2.725 1558.0 6.42 4.65 0.9 1.8 3.0 28.0 5900.0 14.0 24.06 5833.0 5.0 1.94 0.0 1.4 300.0
11 Mo 56.0 0.91 10220.0 3.47 62.0 0.293 2.6 -308.0 -294.0 200.0 1.46 684.9 56.0 6.0 51.0 2890.0 42.0 3.9 163.0 188.0 28.59584 1.3 -745.0 95.94 49.0 2621.0 62.0 324.8 0.1658 658.1 261.2 52.0 6.82 292.0 2.774 162.0 6.0 3000.0 1.77 129.0 4.45 55.0 4.6 450.0 2.5 617.0 1.558 5.2 2.72 -138.0 20.0 52.0 51.0 5.2 72.0 6.514 18.4 2.0 138.0 6.98 2500.0 1.95 53.0 53.0 52.0 125.6 52.0 3.45 2.725 1558.0 6.42 4.65 0.9 1.8 3.0 28.0 5900.0 14.0 24.06 5833.0 5.0 1.94 0.0 1.4 300.0
12 Mo 56.0 0.91 10220.0 3.47 62.0 0.293 2.6 -308.0 -294.0 200.0 1.46 684.9 56.0 6.0 51.0 2890.0 42.0 3.9 163.0 188.0 28.59584 1.3 -745.0 95.94 49.0 2621.0 62.0 324.8 0.1658 658.1 261.2 52.0 6.82 292.0 2.774 162.0 6.0 3000.0 1.77 129.0 4.45 55.0 4.6 450.0 2.5 617.0 1.558 5.2 2.72 -138.0 20.0 52.0 51.0 5.2 72.0 6.514 18.4 2.0 138.0 6.98 2500.0 1.95 53.0 53.0 52.0 125.6 52.0 3.45 2.725 1558.0 6.42 4.65 0.9 1.8 3.0 28.0 5900.0 14.0 24.06 5833.0 5.0 1.94 0.0 1.4 300.0