4.29517249
0 Al21 80.0 3.639 2698.0 2e-06 75.0 0.345 0.233 -363.0 -558.0 63.0 2.01 577.6 79.0 3.0 28.0 933.0 13.0 3.23 152.0 76.0 28.34464 1.47 -838.0 26.982 16.0 2745.0 91.0 70.6 0.09316 326.4 75.2 75.0 3.39 116.0 11.094 48.6 3.0 1160.0 1.39 125.0 4.64 88.0 4.3 428.0 2.5 294.0 1.66 23.2 1.675 -242.0 38.2 73.0 30.0 2.655 44.0 26.057 5.16 1.35 237.0 4.07 343.0 0.3 76.0 74.0 31.0 26.67 29.0 3.5 0.722 1817.0 6.02 4.2 1.25 1.5 3.0 10.5 5100.0 12.0 24.35 2793.0 3.0 1.64 0.0 1.432 93.9
1 0 53.0 6.144 8570.0 755.0 58.0 0.387 1.15 -354.0 -409.0 185.0 1.75 663.8 53.0 5.0 54.0 2741.0 41.0 4.0 441.0 186.0 36.55076 1.23 -951.0 92.906 50.0 2416.0 63.0 104.9 0.19256 725.9 170.3 49.0 7.57 450.0 10.4048 153.0 5.0 2700.0 1.64 134.0 4.89 54.0 4.3 275.0 4.5 697.0 1.807 7.3 2.76 -177.0 6.25 49.0 54.0 12.5 86.2 24.442 17.1 7.79 53.7 6.7 2450.0 1.92 50.0 50.0 55.0 37.5 55.0 3.3 1.702 1382.0 5.56 4.05 0.95 1.6 3.0 30.421 3480.0 14.0 24.6 5017.0 5.0 2.03 0.0 1.468 284.0
2 13 53.0 6.144 8570.0 755.0 58.0 0.387 1.15 -354.0 -409.0 185.0 1.75 663.8 53.0 5.0 54.0 2741.0 41.0 4.0 441.0 186.0 36.55076 1.23 -951.0 92.906 50.0 2416.0 63.0 104.9 0.19256 725.9 170.3 49.0 7.57 450.0 10.4048 153.0 5.0 2700.0 1.64 134.0 4.89 54.0 4.3 275.0 4.5 697.0 1.807 7.3 2.76 -177.0 6.25 49.0 54.0 12.5 86.2 24.442 17.1 7.79 53.7 6.7 2450.0 1.92 50.0 50.0 55.0 37.5 55.0 3.3 1.702 1382.0 5.56 4.05 0.95 1.6 3.0 30.421 3480.0 14.0 24.6 5017.0 5.0 2.03 0.0 1.468 284.0
3 17 53.0 6.144 8570.0 755.0 58.0 0.387 1.15 -354.0 -409.0 185.0 1.75 663.8 53.0 5.0 54.0 2741.0 41.0 4.0 441.0 186.0 36.55076 1.23 -951.0 92.906 50.0 2416.0 63.0 104.9 0.19256 725.9 170.3 49.0 7.57 450.0 10.4048 153.0 5.0 2700.0 1.64 134.0 4.89 54.0 4.3 275.0 4.5 697.0 1.807 7.3 2.76 -177.0 6.25 49.0 54.0 12.5 86.2 24.442 17.1 7.79 53.7 6.7 2450.0 1.92 50.0 50.0 55.0 37.5 55.0 3.3 1.702 1382.0 5.56 4.05 0.95 1.6 3.0 30.421 3480.0 14.0 24.6 5017.0 5.0 2.03 0.0 1.468 284.0
4 18 53.0 6.144 8570.0 755.0 58.0 0.387 1.15 -354.0 -409.0 185.0 1.75 663.8 53.0 5.0 54.0 2741.0 41.0 4.0 441.0 186.0 36.55076 1.23 -951.0 92.906 50.0 2416.0 63.0 104.9 0.19256 725.9 170.3 49.0 7.57 450.0 10.4048 153.0 5.0 2700.0 1.64 134.0 4.89 54.0 4.3 275.0 4.5 697.0 1.807 7.3 2.76 -177.0 6.25 49.0 54.0 12.5 86.2 24.442 17.1 7.79 53.7 6.7 2450.0 1.92 50.0 50.0 55.0 37.5 55.0 3.3 1.702 1382.0 5.56 4.05 0.95 1.6 3.0 30.421 3480.0 14.0 24.6 5017.0 5.0 2.03 0.0 1.468 284.0
5 20 53.0 6.144 8570.0 755.0 58.0 0.387 1.15 -354.0 -409.0 185.0 1.75 663.8 53.0 5.0 54.0 2741.0 41.0 4.0 441.0 186.0 36.55076 1.23 -951.0 92.906 50.0 2416.0 63.0 104.9 0.19256 725.9 170.3 49.0 7.57 450.0 10.4048 153.0 5.0 2700.0 1.64 134.0 4.89 54.0 4.3 275.0 4.5 697.0 1.807 7.3 2.76 -177.0 6.25 49.0 54.0 12.5 86.2 24.442 17.1 7.79 53.7 6.7 2450.0 1.92 50.0 50.0 55.0 37.5 55.0 3.3 1.702 1382.0 5.56 4.05 0.95 1.6 3.0 30.421 3480.0 14.0 24.6 5017.0 5.0 2.03 0.0 1.468 284.0
6 24 53.0 6.144 8570.0 755.0 58.0 0.387 1.15 -354.0 -409.0 185.0 1.75 663.8 53.0 5.0 54.0 2741.0 41.0 4.0 441.0 186.0 36.55076 1.23 -951.0 92.906 50.0 2416.0 63.0 104.9 0.19256 725.9 170.3 49.0 7.57 450.0 10.4048 153.0 5.0 2700.0 1.64 134.0 4.89 54.0 4.3 275.0 4.5 697.0 1.807 7.3 2.76 -177.0 6.25 49.0 54.0 12.5 86.2 24.442 17.1 7.79 53.7 6.7 2450.0 1.92 50.0 50.0 55.0 37.5 55.0 3.3 1.702 1382.0 5.56 4.05 0.95 1.6 3.0 30.421 3480.0 14.0 24.6 5017.0 5.0 2.03 0.0 1.468 284.0
7 25 53.0 6.144 8570.0 755.0 58.0 0.387 1.15 -354.0 -409.0 185.0 1.75 663.8 53.0 5.0 54.0 2741.0 41.0 4.0 441.0 186.0 36.55076 1.23 -951.0 92.906 50.0 2416.0 63.0 104.9 0.19256 725.9 170.3 49.0 7.57 450.0 10.4048 153.0 5.0 2700.0 1.64 134.0 4.89 54.0 4.3 275.0 4.5 697.0 1.807 7.3 2.76 -177.0 6.25 49.0 54.0 12.5 86.2 24.442 17.1 7.79 53.7 6.7 2450.0 1.92 50.0 50.0 55.0 37.5 55.0 3.3 1.702 1382.0 5.56 4.05 0.95 1.6 3.0 30.421 3480.0 14.0 24.6 5017.0 5.0 2.03 0.0 1.468 284.0
8 Cr42 57.0 0.474 7190.0 990.0 60.0 0.21 3.1 -183.0 -377.0 120.0 1.33 652.8 57.0 6.0 50.0 2180.0 24.0 3.72 79.8 121.0 23.86476 1.56 -578.0 51.9961 31.0 2987.0 80.0 279.0 0.08983 396.6 160.0 53.0 4.1 1133.0 2.4063 260.0 6.0 2300.0 1.73 118.0 3.74 73.0 4.5 630.0 1.5 349.0 1.2 8.4 2.44 -155.0 7.7 51.0 52.0 12.7 64.3 5.652 31.1 1.4 93.7 5.13 1120.0 1.25 54.0 52.0 53.0 115.3 51.0 3.35 1.901 1592.0 8.33 4.65 0.84 1.6 2.0 21.0 5940.0 14.0 23.35 2945.0 4.0 2.0 0.0 1.36 463.0
9 43 85.0 0.555 2329.0 477.0 90.0 0.42 171.0 -213.0 -455.0 60.0 1.91 786.5 84.0 4.0 23.0 1683.0 14.0 4.77 189.0 74.0 18.9662 1.74 -911.0 28.086 15.0 3232.0 90.0 131.0 0.07269 455.6 0.0 80.0 4.63 157.0 8.458 60.6 4.0 1250.0 1.5 117.0 4.2 89.0 4.8 645.0 0.5 383.3 2.002 4.2 1.42 -160.0 0.0 78.0 25.0 100000.0 133.6 19.865 6.44 0.0 148.0 4.29 0.0 0.316 81.0 79.0 26.0 79.97 24.0 4.15 0.988 1577.0 5.0 4.7 1.18 1.8 4.0 50.6 2200.0 4.0 20.0 3538.0 3.0 1.98 0.0 1.319 117.0
10 47 85.0 0.555 2329.0 477.0 90.0 0.42 171.0 -213.0 -455.0 60.0 1.91 786.5 84.0 4.0 23.0 1683.0 14.0 4.77 189.0 74.0 18.9662 1.74 -911.0 28.086 15.0 3232.0 90.0 131.0 0.07269 455.6 0.0 80.0 4.63 157.0 8.458 60.6 4.0 1250.0 1.5 117.0 4.2 89.0 4.8 645.0 0.5 383.3 2.002 4.2 1.42 -160.0 0.0 78.0 25.0 100000.0 133.6 19.865 6.44 0.0 148.0 4.29 0.0 0.316 81.0 79.0 26.0 79.97 24.0 4.15 0.988 1577.0 5.0 4.7 1.18 1.8 4.0 50.6 2200.0 4.0 20.0 3538.0 3.0 1.98 0.0 1.319 117.0
11 48 85.0 0.555 2329.0 477.0 90.0 0.42 171.0 -213.0 -455.0 60.0 1.91 786.5 84.0 4.0 23.0 1683.0 14.0 4.77 189.0 74.0 18.9662 1.74 -911.0 28.086 15.0 3232.0 90.0 131.0 0.07269 455.6 0.0 80.0 4.63 157.0 8.458 60.6 4.0 1250.0 1.5 117.0 4.2 89.0 4.8 645.0 0.5 383.3 2.002 4.2 1.42 -160.0 0.0 78.0 25.0 100000.0 133.6 19.865 6.44 0.0 148.0 4.29 0.0 0.316 81.0 79.0 26.0 79.97 24.0 4.15 0.988 1577.0 5.0 4.7 1.18 1.8 4.0 50.6 2200.0 4.0 20.0 3538.0 3.0 1.98 0.0 1.319 117.0
12 18 53.0 6.144 8570.0 755.0 58.0 0.387 1.15 -354.0 -409.0 185.0 1.75 663.8 53.0 5.0 54.0 2741.0 41.0 4.0 441.0 186.0 36.55076 1.23 -951.0 92.906 50.0 2416.0 63.0 104.9 0.19256 725.9 170.3 49.0 7.57 450.0 10.4048 153.0 5.0 2700.0 1.64 134.0 4.89 54.0 4.3 275.0 4.5 697.0 1.807 7.3 2.76 -177.0 6.25 49.0 54.0 12.5 86.2 24.442 17.1 7.79 53.7 6.7 2450.0 1.92 50.0 50.0 55.0 37.5 55.0 3.3 1.702 1382.0 5.56 4.05 0.95 1.6 3.0 30.421 3480.0 14.0 24.6 5017.0 5.0 2.03 0.0 1.468 284.0
13 22 53.0 6.144 8570.0 755.0 58.0 0.387 1.15 -354.0 -409.0 185.0 1.75 663.8 53.0 5.0 54.0 2741.0 41.0 4.0 441.0 186.0 36.55076 1.23 -951.0 92.906 50.0 2416.0 63.0 104.9 0.19256 725.9 170.3 49.0 7.57 450.0 10.4048 153.0 5.0 2700.0 1.64 134.0 4.89 54.0 4.3 275.0 4.5 697.0 1.807 7.3 2.76 -177.0 6.25 49.0 54.0 12.5 86.2 24.442 17.1 7.79 53.7 6.7 2450.0 1.92 50.0 50.0 55.0 37.5 55.0 3.3 1.702 1382.0 5.56 4.05 0.95 1.6 3.0 30.421 3480.0 14.0 24.6 5017.0 5.0 2.03 0.0 1.468 284.0
14 19 53.0 6.144 8570.0 755.0 58.0 0.387 1.15 -354.0 -409.0 185.0 1.75 663.8 53.0 5.0 54.0 2741.0 41.0 4.0 441.0 186.0 36.55076 1.23 -951.0 92.906 50.0 2416.0 63.0 104.9 0.19256 725.9 170.3 49.0 7.57 450.0 10.4048 153.0 5.0 2700.0 1.64 134.0 4.89 54.0 4.3 275.0 4.5 697.0 1.807 7.3 2.76 -177.0 6.25 49.0 54.0 12.5 86.2 24.442 17.1 7.79 53.7 6.7 2450.0 1.92 50.0 50.0 55.0 37.5 55.0 3.3 1.702 1382.0 5.56 4.05 0.95 1.6 3.0 30.421 3480.0 14.0 24.6 5017.0 5.0 2.03 0.0 1.468 284.0
15 40 85.0 0.555 2329.0 477.0 90.0 0.42 171.0 -213.0 -455.0 60.0 1.91 786.5 84.0 4.0 23.0 1683.0 14.0 4.77 189.0 74.0 18.9662 1.74 -911.0 28.086 15.0 3232.0 90.0 131.0 0.07269 455.6 0.0 80.0 4.63 157.0 8.458 60.6 4.0 1250.0 1.5 117.0 4.2 89.0 4.8 645.0 0.5 383.3 2.002 4.2 1.42 -160.0 0.0 78.0 25.0 100000.0 133.6 19.865 6.44 0.0 148.0 4.29 0.0 0.316 81.0 79.0 26.0 79.97 24.0 4.15 0.988 1577.0 5.0 4.7 1.18 1.8 4.0 50.6 2200.0 4.0 20.0 3538.0 3.0 1.98 0.0 1.319 117.0
16 20 53.0 6.144 8570.0 755.0 58.0 0.387 1.15 -354.0 -409.0 185.0 1.75 663.8 53.0 5.0 54.0 2741.0 41.0 4.0 441.0 186.0 36.55076 1.23 -951.0 92.906 50.0 2416.0 63.0 104.9 0.19256 725.9 170.3 49.0 7.57 450.0 10.4048 153.0 5.0 2700.0 1.64 134.0 4.89 54.0 4.3 275.0 4.5 697.0 1.807 7.3 2.76 -177.0 6.25 49.0 54.0 12.5 86.2 24.442 17.1 7.79 53.7 6.7 2450.0 1.92 50.0 50.0 55.0 37.5 55.0 3.3 1.702 1382.0 5.56 4.05 0.95 1.6 3.0 30.421 3480.0 14.0 24.6 5017.0 5.0 2.03 0.0 1.468 284.0