2.7889541
0 V43 54.0 5.139 6110.0 3.06 59.0 0.365 5.06 -483.0 -431.0 155.0 1.61 650.3 54.0 5.0 53.0 2200.0 23.0 3.6 68.4 147.0 29.64 1.45 -779.0 50.942 32.0 2828.0 81.0 127.6 0.1056 514.2 158.0 50.0 5.31 497.0 11.1922 233.0 5.0 2550.0 1.64 122.0 4.12 72.0 4.3 397.2 3.5 459.7 1.392 8.2 2.43 -322.0 5.5 48.0 55.0 24.8 50.7 26.289 27.5 9.26 30.7 4.98 628.0 1.2 51.0 49.0 56.0 46.7 54.0 3.3 1.619 1414.0 7.22 4.25 0.86 1.6 2.0 17.5 4560.0 14.0 24.89 3694.0 4.0 2.22 0.0 1.346 419.0
1 0 53.0 6.144 8570.0 755.0 58.0 0.387 1.15 -354.0 -409.0 185.0 1.75 663.8 53.0 5.0 54.0 2741.0 41.0 4.0 441.0 186.0 36.55076 1.23 -951.0 92.906 50.0 2416.0 63.0 104.9 0.19256 725.9 170.3 49.0 7.57 450.0 10.4048 153.0 5.0 2700.0 1.64 134.0 4.89 54.0 4.3 275.0 4.5 697.0 1.807 7.3 2.76 -177.0 6.25 49.0 54.0 12.5 86.2 24.442 17.1 7.79 53.7 6.7 2450.0 1.92 50.0 50.0 55.0 37.5 55.0 3.3 1.702 1382.0 5.56 4.05 0.95 1.6 3.0 30.421 3480.0 14.0 24.6 5017.0 5.0 2.03 0.0 1.468 284.0
2 10 53.0 6.144 8570.0 755.0 58.0 0.387 1.15 -354.0 -409.0 185.0 1.75 663.8 53.0 5.0 54.0 2741.0 41.0 4.0 441.0 186.0 36.55076 1.23 -951.0 92.906 50.0 2416.0 63.0 104.9 0.19256 725.9 170.3 49.0 7.57 450.0 10.4048 153.0 5.0 2700.0 1.64 134.0 4.89 54.0 4.3 275.0 4.5 697.0 1.807 7.3 2.76 -177.0 6.25 49.0 54.0 12.5 86.2 24.442 17.1 7.79 53.7 6.7 2450.0 1.92 50.0 50.0 55.0 37.5 55.0 3.3 1.702 1382.0 5.56 4.05 0.95 1.6 3.0 30.421 3480.0 14.0 24.6 5017.0 5.0 2.03 0.0 1.468 284.0
3 13 53.0 6.144 8570.0 755.0 58.0 0.387 1.15 -354.0 -409.0 185.0 1.75 663.8 53.0 5.0 54.0 2741.0 41.0 4.0 441.0 186.0 36.55076 1.23 -951.0 92.906 50.0 2416.0 63.0 104.9 0.19256 725.9 170.3 49.0 7.57 450.0 10.4048 153.0 5.0 2700.0 1.64 134.0 4.89 54.0 4.3 275.0 4.5 697.0 1.807 7.3 2.76 -177.0 6.25 49.0 54.0 12.5 86.2 24.442 17.1 7.79 53.7 6.7 2450.0 1.92 50.0 50.0 55.0 37.5 55.0 3.3 1.702 1382.0 5.56 4.05 0.95 1.6 3.0 30.421 3480.0 14.0 24.6 5017.0 5.0 2.03 0.0 1.468 284.0
4 17 53.0 6.144 8570.0 755.0 58.0 0.387 1.15 -354.0 -409.0 185.0 1.75 663.8 53.0 5.0 54.0 2741.0 41.0 4.0 441.0 186.0 36.55076 1.23 -951.0 92.906 50.0 2416.0 63.0 104.9 0.19256 725.9 170.3 49.0 7.57 450.0 10.4048 153.0 5.0 2700.0 1.64 134.0 4.89 54.0 4.3 275.0 4.5 697.0 1.807 7.3 2.76 -177.0 6.25 49.0 54.0 12.5 86.2 24.442 17.1 7.79 53.7 6.7 2450.0 1.92 50.0 50.0 55.0 37.5 55.0 3.3 1.702 1382.0 5.56 4.05 0.95 1.6 3.0 30.421 3480.0 14.0 24.6 5017.0 5.0 2.03 0.0 1.468 284.0
5 Fe18 61.0 0.09 7874.0 7.05 66.0 0.27 2.56 -171.0 -280.0 140.0 1.16 759.3 63.0 8.0 44.0 1808.0 26.0 4.06 108.0 129.0 27.17233 1.64 -413.0 55.847 29.0 2957.0 78.0 208.0 1.19291 416.3 160.0 59.0 4.28 3045.0 1.38 308.0 8.0 2475.0 1.77 116.0 3.69 75.0 4.5 470.0 0.5 354.0 1.178 11.9 2.11 -100.0 10.0 57.0 46.0 9.71 15.7 3.231 38.5 4.98 80.2 5.43 490.0 1.33 60.0 58.0 47.0 81.0 45.0 3.75 1.683 1561.0 8.5 4.93 0.73 1.8 2.0 13.8 4910.0 14.0 25.1 3508.0 4.0 1.67 0.0 1.274 66.4
6 21 53.0 6.144 8570.0 755.0 58.0 0.387 1.15 -354.0 -409.0 185.0 1.75 663.8 53.0 5.0 54.0 2741.0 41.0 4.0 441.0 186.0 36.55076 1.23 -951.0 92.906 50.0 2416.0 63.0 104.9 0.19256 725.9 170.3 49.0 7.57 450.0 10.4048 153.0 5.0 2700.0 1.64 134.0 4.89 54.0 4.3 275.0 4.5 697.0 1.807 7.3 2.76 -177.0 6.25 49.0 54.0 12.5 86.2 24.442 17.1 7.79 53.7 6.7 2450.0 1.92 50.0 50.0 55.0 37.5 55.0 3.3 1.702 1382.0 5.56 4.05 0.95 1.6 3.0 30.421 3480.0 14.0 24.6 5017.0 5.0 2.03 0.0 1.468 284.0
7 20 53.0 6.144 8570.0 755.0 58.0 0.387 1.15 -354.0 -409.0 185.0 1.75 663.8 53.0 5.0 54.0 2741.0 41.0 4.0 441.0 186.0 36.55076 1.23 -951.0 92.906 50.0 2416.0 63.0 104.9 0.19256 725.9 170.3 49.0 7.57 450.0 10.4048 153.0 5.0 2700.0 1.64 134.0 4.89 54.0 4.3 275.0 4.5 697.0 1.807 7.3 2.76 -177.0 6.25 49.0 54.0 12.5 86.2 24.442 17.1 7.79 53.7 6.7 2450.0 1.92 50.0 50.0 55.0 37.5 55.0 3.3 1.702 1382.0 5.56 4.05 0.95 1.6 3.0 30.421 3480.0 14.0 24.6 5017.0 5.0 2.03 0.0 1.468 284.0
8 12 53.0 6.144 8570.0 755.0 58.0 0.387 1.15 -354.0 -409.0 185.0 1.75 663.8 53.0 5.0 54.0 2741.0 41.0 4.0 441.0 186.0 36.55076 1.23 -951.0 92.906 50.0 2416.0 63.0 104.9 0.19256 725.9 170.3 49.0 7.57 450.0 10.4048 153.0 5.0 2700.0 1.64 134.0 4.89 54.0 4.3 275.0 4.5 697.0 1.807 7.3 2.76 -177.0 6.25 49.0 54.0 12.5 86.2 24.442 17.1 7.79 53.7 6.7 2450.0 1.92 50.0 50.0 55.0 37.5 55.0 3.3 1.702 1382.0 5.56 4.05 0.95 1.6 3.0 30.421 3480.0 14.0 24.6 5017.0 5.0 2.03 0.0 1.468 284.0
9 41 85.0 0.555 2329.0 477.0 90.0 0.42 171.0 -213.0 -455.0 60.0 1.91 786.5 84.0 4.0 23.0 1683.0 14.0 4.77 189.0 74.0 18.9662 1.74 -911.0 28.086 15.0 3232.0 90.0 131.0 0.07269 455.6 0.0 80.0 4.63 157.0 8.458 60.6 4.0 1250.0 1.5 117.0 4.2 89.0 4.8 645.0 0.5 383.3 2.002 4.2 1.42 -160.0 0.0 78.0 25.0 100000.0 133.6 19.865 6.44 0.0 148.0 4.29 0.0 0.316 81.0 79.0 26.0 79.97 24.0 4.15 0.988 1577.0 5.0 4.7 1.18 1.8 4.0 50.6 2200.0 4.0 20.0 3538.0 3.0 1.98 0.0 1.319 117.0