3.51750321
0 Fe48 14.0 3.75 57.0 1.683 4.06 354.0 160.0 3508.0 1561.0 1.38 4910.0 13.8 490.0 1.19291 1.77 80.2 3045.0 25.1 2475.0 26.0 759.3 308.0 1.38 38.5 759.3 470.0 416.3 80.2 4.98 1808.0 27.17233 13.8 66.4 11.9 1.178 10.0 15.7 490.0 26.0 0.27 1.67 108.0 1.16 2.56 140.0 7.05 7874.0 0.09 61.0 9.71
1 0 14.0 3.3 49.0 1.702 4.0 697.0 170.3 5017.0 1382.0 10.4048 3480.0 30.421 2450.0 0.19256 1.64 53.7 450.0 24.6 2700.0 41.0 663.8 153.0 10.4048 17.1 663.8 275.0 725.9 53.7 7.79 2741.0 36.55076 30.421 284.0 7.3 1.807 6.25 86.2 2450.0 41.0 0.387 2.03 441.0 1.75 1.15 185.0 755.0 8570.0 6.144 53.0 12.5
2 Ni18 12.0 4.05 63.0 1.86 4.4 379.0 177.3 3263.0 1753.0 3.8048 4970.0 17.2 981.0 0.30409 1.75 90.7 505.0 26.07 2450.0 28.0 736.7 45.7 3.8048 46.6 736.7 450.0 429.7 90.7 7.02 1726.0 29.89375 17.2 88.6 13.5 1.093 13.3 156.0 981.0 28.0 0.312 1.76 144.0 2.9 37.2 130.0 237.0 8902.0 0.746 67.0 6.84
3 19 14.0 3.3 49.0 1.702 4.0 697.0 170.3 5017.0 1382.0 10.4048 3480.0 30.421 2450.0 0.19256 1.64 53.7 450.0 24.6 2700.0 41.0 663.8 153.0 10.4048 17.1 663.8 275.0 725.9 53.7 7.79 2741.0 36.55076 30.421 284.0 7.3 1.807 6.25 86.2 2450.0 41.0 0.387 2.03 441.0 1.75 1.15 185.0 755.0 8570.0 6.144 53.0 12.5
4 20 14.0 3.3 49.0 1.702 4.0 697.0 170.3 5017.0 1382.0 10.4048 3480.0 30.421 2450.0 0.19256 1.64 53.7 450.0 24.6 2700.0 41.0 663.8 153.0 10.4048 17.1 663.8 275.0 725.9 53.7 7.79 2741.0 36.55076 30.421 284.0 7.3 1.807 6.25 86.2 2450.0 41.0 0.387 2.03 441.0 1.75 1.15 185.0 755.0 8570.0 6.144 53.0 12.5
5 21 14.0 3.3 49.0 1.702 4.0 697.0 170.3 5017.0 1382.0 10.4048 3480.0 30.421 2450.0 0.19256 1.64 53.7 450.0 24.6 2700.0 41.0 663.8 153.0 10.4048 17.1 663.8 275.0 725.9 53.7 7.79 2741.0 36.55076 30.421 284.0 7.3 1.807 6.25 86.2 2450.0 41.0 0.387 2.03 441.0 1.75 1.15 185.0 755.0 8570.0 6.144 53.0 12.5
6 22 14.0 3.3 49.0 1.702 4.0 697.0 170.3 5017.0 1382.0 10.4048 3480.0 30.421 2450.0 0.19256 1.64 53.7 450.0 24.6 2700.0 41.0 663.8 153.0 10.4048 17.1 663.8 275.0 725.9 53.7 7.79 2741.0 36.55076 30.421 284.0 7.3 1.807 6.25 86.2 2450.0 41.0 0.387 2.03 441.0 1.75 1.15 185.0 755.0 8570.0 6.144 53.0 12.5
7 23 14.0 3.3 49.0 1.702 4.0 697.0 170.3 5017.0 1382.0 10.4048 3480.0 30.421 2450.0 0.19256 1.64 53.7 450.0 24.6 2700.0 41.0 663.8 153.0 10.4048 17.1 663.8 275.0 725.9 53.7 7.79 2741.0 36.55076 30.421 284.0 7.3 1.807 6.25 86.2 2450.0 41.0 0.387 2.03 441.0 1.75 1.15 185.0 755.0 8570.0 6.144 53.0 12.5
8 24 14.0 3.3 49.0 1.702 4.0 697.0 170.3 5017.0 1382.0 10.4048 3480.0 30.421 2450.0 0.19256 1.64 53.7 450.0 24.6 2700.0 41.0 663.8 153.0 10.4048 17.1 663.8 275.0 725.9 53.7 7.79 2741.0 36.55076 30.421 284.0 7.3 1.807 6.25 86.2 2450.0 41.0 0.387 2.03 441.0 1.75 1.15 185.0 755.0 8570.0 6.144 53.0 12.5
9 25 14.0 3.3 49.0 1.702 4.0 697.0 170.3 5017.0 1382.0 10.4048 3480.0 30.421 2450.0 0.19256 1.64 53.7 450.0 24.6 2700.0 41.0 663.8 153.0 10.4048 17.1 663.8 275.0 725.9 53.7 7.79 2741.0 36.55076 30.421 284.0 7.3 1.807 6.25 86.2 2450.0 41.0 0.387 2.03 441.0 1.75 1.15 185.0 755.0 8570.0 6.144 53.0 12.5
10 30 14.0 3.3 49.0 1.702 4.0 697.0 170.3 5017.0 1382.0 10.4048 3480.0 30.421 2450.0 0.19256 1.64 53.7 450.0 24.6 2700.0 41.0 663.8 153.0 10.4048 17.1 663.8 275.0 725.9 53.7 7.79 2741.0 36.55076 30.421 284.0 7.3 1.807 6.25 86.2 2450.0 41.0 0.387 2.03 441.0 1.75 1.15 185.0 755.0 8570.0 6.144 53.0 12.5